-1.16953        -8.9585376      -7.1109606      -0.0802842      -0.050286       -0.00195812     -1.6119264      -0.2902716   0.0 0.0            -0.006070578    -0.002308596    -0.0230622 0.0 0.0 0.0 0.0
-1.13811        -3.97832904     -4.887293936    -0.099335741    -0.053036222    -0.016902999    -1.875865433    -0.677344815    -0.075451068    -0.020822535    -0.018985253    -9.28E-03       -0.108767124    -0.013595891    0       -5.12E-03       0
-1.09361        -2.04824551     -2.731762805    -0.130725335    -0.058212905    -0.003740673    -1.932649995    -0.849207275    -0.032381505    -0.02417081     -0.02140316     -0.013376975    -0.19207491     -0.080354105    0       -0.007135611    0
-1.05439        -1.335898988    -1.442510878    -0.120972583    -0.063411618    -0.001141876    -1.535175758    -0.576141528    -0.016488203    -0.02032954     -0.017670153    -0.007505383    -0.149812163    -0.068907685    0       -0.004850616    0
-1.01297        -0.905405294    -0.621311832    -0.382784565    -0.143793792    -0.00103242     -0.639138982    -0.200698055    -0.000431036    -0.00613254     -0.008735304    -0.005062911    -0.142973743    -0.05779562     -0.017007101    -0.000829843    -0.001342716
-0.95526        -0.575744688    -0.057473438    -0.331191875    -0.12627        -0.002077813    -0.194551875    -0.04758        0       -0.002611563    -0.00168906     -0.000540157    -0.051182813    -0.004594063    -0.00854        -0.000259174    0
-0.88722        -0.463457006    -0.009033338    -0.302764507    -0.107513952    0       -0.044723638    0       0       0       0       0       0       0       0       0       0
-0.81724        -0.375534679    -0.001192773    -0.194833876    -0.06552528     0       -0.015814967    0       0       0       0       0       0       0       0       0       0
-0.74561        -0.341348612    -0.000377348    -0.106145806    -0.063338487    0       -0.002380025    0       0       0       0       0       0       0       0       0       0
-0.67218        -0.301111069    0       -0.033950773    -0.072580595    0       0       0       0       0       0       0       0       0       0       0       0
