2.58e-09 0.00393130307027
2.581e-09 0.00394326660064
2.582e-09 0.00395528541063
2.583e-09 0.00396735990289
2.584e-09 0.00397967878721
2.585e-09 0.00399186776752
1e-12 0.00291277271993
2e-12 0.00291280376075
3e-12 0.00291286097678
4e-12 0.00291292837476
5e-12 0.00291300650074
6e-12 0.00291309337398
7e-12 0.00291318824702
8e-12 0.00291329040504
9e-12 0.0029133993297
1e-11 0.00291351459126
1.1e-11 0.00291363583502
1.2e-11 0.0029137627594
1.3e-11 0.00291389510448
1.4e-11 0.00291403264305
1.5e-11 0.00291417517431
1.6e-11 0.00291432251914
1.7e-11 0.00291447451644
1.8e-11 0.00291463102033
1.9e-11 0.00291479189787
2e-11 0.00291495702732
2.1e-11 0.0029151262966
2.2e-11 0.00291529960214
2.3e-11 0.00291547684781
2.4e-11 0.00291565794413
2.5e-11 0.00291584280752
2.6e-11 0.00291603135969
2.7e-11 0.00291622352712
2.8e-11 0.00291641924059
2.9e-11 0.00291661843481
3e-11 0.00291682104804
3.1e-11 0.00291702702182
3.2e-11 0.00291723630067
3.3e-11 0.00291744883186
3.4e-11 0.00291766456521
3.5e-11 0.00291788345289
3.6e-11 0.00291810544923
3.7e-11 0.0029183305106
3.8e-11 0.00291855859527
3.9e-11 0.00291878966325
4e-11 0.00291902367619
4.1e-11 0.00291926059731
4.2e-11 0.00291950039125
4.3e-11 0.00291974302405
4.4e-11 0.00291998846298
4.5e-11 0.00292023667656
4.6e-11 0.00292048763444
4.7e-11 0.00292074130734
4.8e-11 0.00292099766701
4.9e-11 0.00292125668618
5e-11 0.00292151833847
5.1e-11 0.0029217825984
5.2e-11 0.00292204944132
5.3e-11 0.00292231884337
5.4e-11 0.00292259078142
5.5e-11 0.00292832986388
5.6e-11 0.00292860632913
5.7e-11 0.00292888539659
5.8e-11 0.00292916696028
5.9e-11 0.00292945100424
6e-11 0.00292973749894
6.1e-11 0.00293002642208
6.2e-11 0.00293031775199
6.3e-11 0.00293061146851
6.4e-11 0.00293090755242
6.5e-11 0.00293120598534
6.6e-11 0.00293150674964
6.7e-11 0.00293180982832
6.8e-11 0.00293211520495
6.9e-11 0.00293242286366
7e-11 0.00293273278907
7.1e-11 0.00293304496628
7.2e-11 0.00293335938082
7.3e-11 0.00293367601864
7.4e-11 0.0029339948661
7.5e-11 0.00293431590991
7.6e-11 0.00293463913717
7.7e-11 0.00293496453532
7.8e-11 0.00293529209212
7.9e-11 0.00293562179568
8e-11 0.00293595363438
8.1e-11 0.00293628759693
8.2e-11 0.00293662367232
8.3e-11 0.0029369618498
8.4e-11 0.00293730211892
8.5e-11 0.00293764446945
8.6e-11 0.00293798889146
8.7e-11 0.00293833537521
8.8e-11 0.00293868391125
8.9e-11 0.00293903449033
9e-11 0.00293938710342
9.1e-11 0.00294519742448
9.2e-11 0.00294555325529
9.3e-11 0.00294591108844
9.4e-11 0.00294627091764
9.5e-11 0.00294663273425
9.6e-11 0.00294699653045
9.7e-11 0.00294736229845
9.8e-11 0.00294773003074
9.9e-11 0.00294809971995
1e-10 0.00294847135894
1.01e-10 0.00294884494073
1.02e-10 0.00294922045849
1.03e-10 0.00294959790559
1.04e-10 0.00294997727555
1.05e-10 0.00295035856204
1.06e-10 0.0029507417589
1.07e-10 0.0029511268601
1.08e-10 0.00295151385976
1.09e-10 0.00295190275216
1.1e-10 0.0029522935317
1.11e-10 0.00295268619291
1.12e-10 0.00295308073048
1.13e-10 0.00295347713921
1.14e-10 0.00295387541402
1.15e-10 0.00295427554998
1.16e-10 0.00295467754226
1.17e-10 0.00295508138615
1.18e-10 0.00295548707709
1.19e-10 0.00295589461058
1.2e-10 0.00296174918125
1.21e-10 0.00296215946587
1.22e-10 0.00296257173136
1.23e-10 0.00296298587671
1.24e-10 0.00296340190247
1.25e-10 0.00296381979315
1.26e-10 0.00296423954093
1.27e-10 0.0029646611382
1.28e-10 0.00296508457856
1.29e-10 0.00296550985624
1.3e-10 0.00296593696598
1.31e-10 0.0029663659029
1.32e-10 0.00296679666247
1.33e-10 0.00296722924042
1.34e-10 0.00296766363272
1.35e-10 0.00296809983554
1.36e-10 0.00296853784526
1.37e-10 0.00296897765841
1.38e-10 0.00296941927167
1.39e-10 0.00296986268188
1.4e-10 0.00297030788601
1.41e-10 0.00297075488116
1.42e-10 0.00297120366453
1.43e-10 0.00297165423346
1.44e-10 0.00297210658539
1.45e-10 0.00297256071785
1.46e-10 0.00297301662848
1.47e-10 0.00297890571453
1.48e-10 0.00297936396477
1.49e-10 0.00297982398002
1.5e-10 0.00298028576107
1.51e-10 0.00298074930523
1.52e-10 0.00298121461071
1.53e-10 0.00298168167562
1.54e-10 0.0029821504982
1.55e-10 0.00298262107678
1.56e-10 0.00298309340978
1.57e-10 0.0029835674957
1.58e-10 0.00298404333313
1.59e-10 0.00298452092073
1.6e-10 0.00298500025723
1.61e-10 0.00298548134146
1.62e-10 0.00298596417228
1.63e-10 0.00298644874866
1.64e-10 0.00298693506961
1.65e-10 0.00298742313424
1.66e-10 0.00298791294168
1.67e-10 0.00298840449116
1.68e-10 0.00298889778198
1.69e-10 0.00298939281346
1.7e-10 0.00298988958503
1.71e-10 0.00299038809614
1.72e-10 0.00299630371087
1.73e-10 0.00299680443077
1.74e-10 0.00299730705844
1.75e-10 0.00299781148554
1.76e-10 0.00299831771696
1.77e-10 0.00299882573948
1.78e-10 0.00299933554847
1.79e-10 0.0029998471394
1.8e-10 0.00300036050909
1.81e-10 0.00300087565496
1.82e-10 0.00300139257496
1.83e-10 0.00300191126743
1.84e-10 0.00300243173104
1.85e-10 0.00300295396468
1.86e-10 0.00300347796749
1.87e-10 0.00300400373877
1.88e-10 0.00300453127801
1.89e-10 0.00300506058481
1.9e-10 0.00300559165894
1.91e-10 0.00300612450025
1.92e-10 0.00300665910872
1.93e-10 0.00300719548442
1.94e-10 0.00300773362753
1.95e-10 0.0030082735383
1.96e-10 0.00301421171488
1.97e-10 0.003014753607
1.98e-10 0.00301529726003
1.99e-10 0.00301584267835
2e-10 0.00301638986168
2.01e-10 0.00301693881084
2.02e-10 0.00301748952643
2.03e-10 0.00301804200922
2.04e-10 0.00301859626
2.05e-10 0.00301915227965
2.06e-10 0.00301971006913
2.07e-10 0.00302026962943
2.08e-10 0.00302083096163
2.09e-10 0.00302139406686
2.1e-10 0.0030219589463
2.11e-10 0.0030225256012
2.12e-10 0.00302309403285
2.13e-10 0.0030236642426
2.14e-10 0.00302423623187
2.15e-10 0.00302481000209
2.16e-10 0.00302538555478
2.17e-10 0.0030259628915
2.18e-10 0.00303191897395
2.19e-10 0.00303249829536
2.2e-10 0.00303307959405
2.21e-10 0.00303366275222
2.22e-10 0.00303424777745
2.23e-10 0.00303483465714
2.24e-10 0.00303542338824
2.25e-10 0.00303601396775
2.26e-10 0.00303660639416
2.27e-10 0.00303720066661
2.28e-10 0.00303779678482
2.29e-10 0.0030383947489
2.3e-10 0.00303899455932
2.31e-10 0.0030395962168
2.32e-10 0.0030401997223
2.33e-10 0.00304080507694
2.34e-10 0.00304141228205
2.35e-10 0.00304202133908
2.36e-10 0.00304263224961
2.37e-10 0.00304324501536
2.38e-10 0.00304385963812
2.39e-10 0.00304983182824
2.4e-10 0.00305044829519
2.41e-10 0.0030510666154
2.42e-10 0.00305168679602
2.43e-10 0.00305230883823
2.44e-10 0.00305293274454
2.45e-10 0.00305355851722
2.46e-10 0.00305418615864
2.47e-10 0.00305481567124
2.48e-10 0.00305544705755
2.49e-10 0.00305608032014
2.5e-10 0.00305671546165
2.51e-10 0.00305735248479
2.52e-10 0.00305799139231
2.53e-10 0.00305863218705
2.54e-10 0.00305927487187
2.55e-10 0.0030599194497
2.56e-10 0.00306056592354
2.57e-10 0.00306121429641
2.58e-10 0.00306186457141
2.59e-10 0.00306784985651
2.6e-10 0.00306850205347
2.61e-10 0.00306915636976
2.62e-10 0.0030698126772
2.63e-10 0.0030704709856
2.64e-10 0.00307113128247
2.65e-10 0.00307179356582
2.66e-10 0.00307245783371
2.67e-10 0.00307312408586
2.68e-10 0.00307379232267
2.69e-10 0.00307446254517
2.7e-10 0.00307513475485
2.71e-10 0.00307580895354
2.72e-10 0.00307648514339
2.73e-10 0.00307716332677
2.74e-10 0.00307784350628
2.75e-10 0.00307852568467
2.76e-10 0.00307920986487
2.77e-10 0.00307989604995
2.78e-10 0.0030805842431
2.79e-10 0.00308658170662
2.8e-10 0.00308727172812
2.81e-10 0.00308796375593
2.82e-10 0.00308865779999
2.83e-10 0.00308935386275
2.84e-10 0.00309005194832
2.85e-10 0.0030907520604
2.86e-10 0.0030914542029
2.87e-10 0.00309215837972
2.88e-10 0.00309286459489
2.89e-10 0.00309357285247
2.9e-10 0.0030942831566
2.91e-10 0.00309499551149
2.92e-10 0.00309570992141
2.93e-10 0.0030964263907
2.94e-10 0.00309714492374
2.95e-10 0.003097865525
2.96e-10 0.00309858819897
2.97e-10 0.00310459578498
2.98e-10 0.00310532042116
2.99e-10 0.00310604737206
3e-10 0.00310677649826
3.01e-10 0.00310750781177
3.02e-10 0.00310824129998
3.03e-10 0.00310897696192
3.04e-10 0.0031097147966
3.05e-10 0.00311045480485
3.06e-10 0.00311119698827
3.07e-10 0.00311194134915
3.08e-10 0.00311268789027
3.09e-10 0.00311343661481
3.1e-10 0.00311418752625
3.11e-10 0.00311494062836
3.12e-10 0.00311569592514
3.13e-10 0.00311645342078
3.14e-10 0.00311721311964
3.15e-10 0.00312323055646
3.16e-10 0.0031239921595
3.17e-10 0.00312475596512
3.18e-10 0.00312552198606
3.19e-10 0.00312629022593
3.2e-10 0.00312706069032
3.21e-10 0.00312783338433
3.22e-10 0.00312860831326
3.23e-10 0.00312938548244
3.24e-10 0.0031301648973
3.25e-10 0.00313094656336
3.26e-10 0.00313173048621
3.27e-10 0.00313251667149
3.28e-10 0.00313330512496
3.29e-10 0.00313409585242
3.3e-10 0.00313488885976
3.31e-10 0.00313568415291
3.32e-10 0.0031417096811
3.33e-10 0.00314250705792
3.34e-10 0.00314330698853
3.35e-10 0.00314410932156
3.36e-10 0.00314491407127
3.37e-10 0.00314572122495
3.38e-10 0.00314653078262
3.39e-10 0.00314734274429
3.4e-10 0.00314815711193
3.41e-10 0.00314897388841
3.42e-10 0.00314979307729
3.43e-10 0.00315061468272
3.44e-10 0.00315143870927
3.45e-10 0.00315226516185
3.46e-10 0.0031530940457
3.47e-10 0.00315392536629
3.48e-10 0.00315475912931
3.49e-10 0.00316079285202
3.5e-10 0.0031616286695
3.51e-10 0.00316246692981
3.52e-10 0.00316330764893
3.53e-10 0.00316415083175
3.54e-10 0.00316499648552
3.55e-10 0.0031658446169
3.56e-10 0.00316669523277
3.57e-10 0.00316754834005
3.58e-10 0.00316840394576
3.59e-10 0.00316926205703
3.6e-10 0.00317012268105
3.61e-10 0.00317098582514
3.62e-10 0.00317185149666
3.63e-10 0.00317271970309
3.64e-10 0.00317359045198
3.65e-10 0.00317963092392
3.66e-10 0.00318050395148
3.67e-10 0.00318137981749
3.68e-10 0.00318225835776
3.69e-10 0.0031831395891
3.7e-10 0.00318402349872
3.71e-10 0.00318491008779
3.72e-10 0.00318579935745
3.73e-10 0.00318669131102
3.74e-10 0.00318758595275
3.75e-10 0.00318848328772
3.76e-10 0.0031893833216
3.77e-10 0.00319028606054
3.78e-10 0.0031911915111
3.79e-10 0.00319209968017
3.8e-10 0.0031930105749
3.81e-10 0.00319905822382
3.82e-10 0.00319997139527
3.83e-10 0.00320088729374
3.84e-10 0.00320180593887
3.85e-10 0.003202727337
3.86e-10 0.0032036514973
3.87e-10 0.00320457842816
3.88e-10 0.00320550813826
3.89e-10 0.00320644063634
3.9e-10 0.00320737593122
3.91e-10 0.00320831403187
3.92e-10 0.00320925494735
3.93e-10 0.0032101986868
3.94e-10 0.0032111452595
3.95e-10 0.00321209467483
3.96e-10 0.00321814829806
3.97e-10 0.00321910025878
3.98e-10 0.00322005538837
3.99e-10 0.00322101350903
4e-10 0.0032219746404
4.01e-10 0.00322293876977
4.02e-10 0.00322390589963
4.03e-10 0.00322487603249
4.04e-10 0.00322584917322
4.05e-10 0.00322682532773
4.06e-10 0.00322780450281
4.07e-10 0.00322878670595
4.08e-10 0.00322977194513
4.09e-10 0.0032307602288
4.1e-10 0.00323175156579
4.11e-10 0.00323781187881
4.12e-10 0.00323880578605
4.13e-10 0.00323980274889
4.14e-10 0.00324080279117
4.15e-10 0.00324180592092
4.16e-10 0.00324281214945
4.17e-10 0.0032438214872
4.18e-10 0.00324483394493
4.19e-10 0.00324584953342
4.2e-10 0.00324686826364
4.21e-10 0.00324789014665
4.22e-10 0.00324891519365
4.23e-10 0.00324994341596
4.24e-10 0.00325097482505
4.25e-10 0.00325200943248
4.26e-10 0.00325807482501
4.27e-10 0.0032591123274
4.28e-10 0.00326015338821
4.29e-10 0.00326119781491
4.3e-10 0.00326224563047
4.31e-10 0.00326329682246
4.32e-10 0.0032643513951
4.33e-10 0.0032654093526
4.34e-10 0.0032664707018
4.35e-10 0.00326753545062
4.36e-10 0.00326860360801
4.37e-10 0.00326967518366
4.38e-10 0.00327075018785
4.39e-10 0.00327182863133
4.4e-10 0.00327790064191
4.41e-10 0.00327898203431
4.42e-10 0.00328006686946
4.43e-10 0.00328115517616
4.44e-10 0.00328224696447
4.45e-10 0.00328334224834
4.46e-10 0.00328444104067
4.47e-10 0.0032855433547
4.48e-10 0.00328664920376
4.49e-10 0.00328775860134
4.5e-10 0.0032888715611
4.51e-10 0.00328998809683
4.52e-10 0.00329110822249
4.53e-10 0.00329718597837
4.54e-10 0.00329830941426
4.55e-10 0.00329943683533
4.56e-10 0.00330056803397
4.57e-10 0.00330170303677
4.58e-10 0.00330284183175
4.59e-10 0.00330398442508
4.6e-10 0.00330513082292
4.61e-10 0.00330628103428
4.62e-10 0.00330743506941
4.63e-10 0.00330859293966
4.64e-10 0.0033097546572
4.65e-10 0.00331092023487
4.66e-10 0.00331700495519
4.67e-10 0.00331817392397
4.68e-10 0.00331934675745
4.69e-10 0.00332052348985
4.7e-10 0.00332170413347
4.71e-10 0.00332288870517
4.72e-10 0.00332407722055
4.73e-10 0.00332526969565
4.74e-10 0.00332646614661
4.75e-10 0.00332766658975
4.76e-10 0.00332887104161
4.77e-10 0.00333007951889
4.78e-10 0.00333129203851
4.79e-10 0.00333738236695
4.8e-10 0.00333859870271
4.81e-10 0.00333981951536
4.82e-10 0.00334104458122
4.83e-10 0.00334227393116
4.84e-10 0.00334350755405
4.85e-10 0.00334474545857
4.86e-10 0.00334598765336
4.87e-10 0.00334723415017
4.88e-10 0.00334848496214
4.89e-10 0.00334974010362
4.9e-10 0.00335099958984
4.91e-10 0.00335226343683
4.92e-10 0.00335836086832
4.93e-10 0.00335962865851
4.94e-10 0.00336090081683
4.95e-10 0.00336217738448
4.96e-10 0.00336345837686
4.97e-10 0.00336474381469
4.98e-10 0.00336603371717
4.99e-10 0.00336732810404
5e-10 0.00336862699511
5.01e-10 0.00336993041045
5.02e-10 0.00337123837034
5.03e-10 0.00337255089527
5.04e-10 0.00337865465157
5.05e-10 0.00337997160441
5.06e-10 0.00338129360078
5.07e-10 0.00338262039987
5.08e-10 0.00338395203766
5.09e-10 0.00338528850437
5.1e-10 0.00338662981181
5.11e-10 0.00338797597174
5.12e-10 0.00338932699936
5.13e-10 0.00339068291137
5.14e-10 0.00339204372583
5.15e-10 0.00339340946179
5.16e-10 0.00339952128794
5.17e-10 0.00340089161605
5.18e-10 0.00340226687535
5.19e-10 0.00340364711473
5.2e-10 0.00340503235299
5.21e-10 0.00340642261515
5.22e-10 0.00340781792448
5.23e-10 0.00340921830487
5.24e-10 0.00341062378032
5.25e-10 0.00341203437516
5.26e-10 0.00341345011395
5.27e-10 0.00341956925522
5.28e-10 0.0034209901267
5.29e-10 0.00342241666755
5.3e-10 0.00342384861933
5.31e-10 0.00342528602378
5.32e-10 0.00342672887291
5.33e-10 0.00342817718219
5.34e-10 0.0034296309671
5.35e-10 0.00343109024685
5.36e-10 0.00343255504231
5.37e-10 0.00343402537587
5.38e-10 0.00343550127105
5.39e-10 0.00344162938509
5.4e-10 0.0034431106399
5.41e-10 0.00344459747062
5.42e-10 0.00344608993552
5.43e-10 0.00344758805784
5.44e-10 0.00344909186802
5.45e-10 0.00345060139448
5.46e-10 0.00345211666634
5.47e-10 0.00345363771284
5.48e-10 0.0034551645636
5.49e-10 0.00345669724856
5.5e-10 0.00346283355128
5.51e-10 0.00346437223668
5.52e-10 0.0034659173367
5.53e-10 0.00346746857382
5.54e-10 0.00346902599702
5.55e-10 0.00347058960109
5.56e-10 0.00347215940642
5.57e-10 0.00347373543341
5.58e-10 0.00347531770657
5.59e-10 0.00347690625226
5.6e-10 0.00348305320936
5.61e-10 0.00348464799967
5.62e-10 0.00348624907847
5.63e-10 0.00348785651375
5.64e-10 0.00348947033322
5.65e-10 0.00349109057301
5.66e-10 0.00349271726694
5.67e-10 0.00349435044974
5.68e-10 0.00349599015638
5.69e-10 0.00349763642228
5.7e-10 0.0034992892833
5.71e-10 0.00350544579843
5.72e-10 0.00350710564711
5.73e-10 0.00350877272984
5.74e-10 0.00351044674963
5.75e-10 0.00351212776356
5.76e-10 0.00351381576987
5.77e-10 0.00351551079464
5.78e-10 0.00351721286399
5.79e-10 0.0035189220086
5.8e-10 0.00352063826117
5.81e-10 0.00352680700172
5.82e-10 0.00352853056607
5.83e-10 0.00353026126195
5.84e-10 0.00353199917036
5.85e-10 0.00353374432557
5.86e-10 0.00353549677156
5.87e-10 0.00353725654967
5.88e-10 0.00353902370227
5.89e-10 0.00354079827201
5.9e-10 0.00354258030211
5.91e-10 0.00354876040161
5.92e-10 0.00355055057143
5.93e-10 0.00355234890624
5.94e-10 0.00355415508901
5.95e-10 0.00355596918648
5.96e-10 0.00355779120154
5.97e-10 0.00355962116735
5.98e-10 0.0035614591172
5.99e-10 0.00356330508933
6e-10 0.00356515912429
6.01e-10 0.0035713535795
6.02e-10 0.00357321617983
6.03e-10 0.00357508687676
6.04e-10 0.00357696576675
6.05e-10 0.00357885289215
6.06e-10 0.00358074830654
6.07e-10 0.00358265206044
6.08e-10 0.00358456420555
6.09e-10 0.00358648479396
6.1e-10 0.00359269247745
6.11e-10 0.00359462254626
6.12e-10 0.00359656183661
6.13e-10 0.00359851001088
6.14e-10 0.00360046714729
6.15e-10 0.00360243325479
6.16e-10 0.00360440837529
6.17e-10 0.00360639255084
6.18e-10 0.00360838582901
6.19e-10 0.00361460991477
6.2e-10 0.00361661315851
6.21e-10 0.00361862554707
6.22e-10 0.0036206471934
6.23e-10 0.00362267814852
6.24e-10 0.00362471847643
6.25e-10 0.00362676823773
6.26e-10 0.00362882749446
6.27e-10 0.00363089630919
6.28e-10 0.00363297474532
6.29e-10 0.0036392154641
6.3e-10 0.00364130502482
6.31e-10 0.00364340507216
6.32e-10 0.00364551524673
6.33e-10 0.00364763564132
6.34e-10 0.00364976627328
6.35e-10 0.00365190719596
6.36e-10 0.00365405846299
6.37e-10 0.00366031767241
6.38e-10 0.00366248061652
6.39e-10 0.00366465395861
6.4e-10 0.00366683783197
6.41e-10 0.0036690322987
6.42e-10 0.00367123743605
6.43e-10 0.00367345331745
6.44e-10 0.00367568001816
6.45e-10 0.00367791761414
6.46e-10 0.00368419605835
6.47e-10 0.00368644659584
6.48e-10 0.00368870898598
6.49e-10 0.0036909828482
6.5e-10 0.00369326829145
6.51e-10 0.00369556534294
6.52e-10 0.00369787406911
6.53e-10 0.00370019453677
6.54e-10 0.00370252681951
6.55e-10 0.0037088289584
6.56e-10 0.00371117498943
6.57e-10 0.00371353291756
6.58e-10 0.00371590290395
6.59e-10 0.00371828502697
6.6e-10 0.0037206793824
6.61e-10 0.00372308606152
6.62e-10 0.00372550515769
6.63e-10 0.00373182909691
6.64e-10 0.00373426334779
6.65e-10 0.00373671108455
6.66e-10 0.00373917190535
6.67e-10 0.00374164593993
6.68e-10 0.00374413322921
6.69e-10 0.00374663385694
6.7e-10 0.00374914790742
6.71e-10 0.0037554982778
6.72e-10 0.00375802838909
6.73e-10 0.00376057202701
6.74e-10 0.00376312938156
6.75e-10 0.003765700548
6.76e-10 0.00376828564185
6.77e-10 0.00377088477363
6.78e-10 0.00377349805648
6.79e-10 0.00377987494938
6.8e-10 0.00378250595802
6.81e-10 0.0037851523113
6.82e-10 0.00378781358665
6.83e-10 0.00379048993844
6.84e-10 0.00379318142465
6.85e-10 0.00379588815006
6.86e-10 0.00379861022027
6.87e-10 0.00380501915037
6.88e-10 0.00380776010176
6.89e-10 0.00381051653944
6.9e-10 0.00381328869104
6.91e-10 0.00381607667488
6.92e-10 0.0038188806328
6.93e-10 0.00382170070096
6.94e-10 0.00382453701871
6.95e-10 0.00383097862856
6.96e-10 0.0038338358432
6.97e-10 0.00383671065311
6.98e-10 0.00383960261612
6.99e-10 0.00384251191847
7e-10 0.00384543864143
7.01e-10 0.00384838291768
7.02e-10 0.0038548594703
7.03e-10 0.00385782592495
7.04e-10 0.00386081010973
7.05e-10 0.00386381229516
7.06e-10 0.00386683262642
7.07e-10 0.00386987127621
7.08e-10 0.00387292841108
7.09e-10 0.00387600420165
7.1e-10 0.00388252108549
7.11e-10 0.00388562147534
7.12e-10 0.00388874203984
7.13e-10 0.00389188231959
7.14e-10 0.00389504253914
7.15e-10 0.00389822280894
7.16e-10 0.00390142329597
7.17e-10 0.00390798283157
7.18e-10 0.00391120955775
7.19e-10 0.00391445674284
7.2e-10 0.00391772471417
7.21e-10 0.00392101365391
7.22e-10 0.00392432377645
7.23e-10 0.0039276552893
7.24e-10 0.00393425877306
7.25e-10 0.00393761916508
7.26e-10 0.00394100266704
7.27e-10 0.00394440880626
7.28e-10 0.0039478378536
7.29e-10 0.00395128995618
7.3e-10 0.00395476532321
7.31e-10 0.00396142083722
7.32e-10 0.00396492717114
7.33e-10 0.00396845709451
7.34e-10 0.00397201100277
7.35e-10 0.00397558912388
7.36e-10 0.00397919172339
7.37e-10 0.00398281905927
7.38e-10 0.00398952889537
7.39e-10 0.00399319043556
7.4e-10 0.00399687867998
7.41e-10 0.00400059314861
7.42e-10 0.00400433417303
7.43e-10 0.00400810195015
7.44e-10 0.00401189674558
7.45e-10 0.00401867084703
7.46e-10 0.00402250254153
7.47e-10 0.00402636169564
7.48e-10 0.00403024879328
7.49e-10 0.00403416412373
7.5e-10 0.0040381080207
7.51e-10 0.00404493970497
7.52e-10 0.0040489239968
7.53e-10 0.00405293911101
7.54e-10 0.00405698456842
7.55e-10 0.00406106077455
7.56e-10 0.00406516798874
7.57e-10 0.00406930654645
7.58e-10 0.00407621735907
7.59e-10 0.00408039976713
7.6e-10 0.0040846141093
7.61e-10 0.0040888609767
7.62e-10 0.00409314073511
7.63e-10 0.00409745380274
7.64e-10 0.00410180058896
7.65e-10 0.00410879618213
7.66e-10 0.00411319184821
7.67e-10 0.00411762388639
7.68e-10 0.00412209183466
7.69e-10 0.00412659620591
7.7e-10 0.0041311373532
7.71e-10 0.00413821781224
7.72e-10 0.00414281170344
7.73e-10 0.00414744315767
7.74e-10 0.00415211290368
7.75e-10 0.00415682140868
7.76e-10 0.00416156920318
7.77e-10 0.00416635680899
7.78e-10 0.00417354443066
7.79e-10 0.00417839111735
7.8e-10 0.0041832807475
7.81e-10 0.00418821289622
7.82e-10 0.00419318821227
7.83e-10 0.00419820717042
7.84e-10 0.00420550189504
7.85e-10 0.0042105850375
7.86e-10 0.00421571290647
7.87e-10 0.00422088642085
7.88e-10 0.00422610619205
7.89e-10 0.00423137290834
7.9e-10 0.00423878274345
7.91e-10 0.00424412066946
7.92e-10 0.00424950925494
7.93e-10 0.00425494813995
7.94e-10 0.00426043814562
7.95e-10 0.0042659799045
7.96e-10 0.00427157415941
7.97e-10 0.0042791441348
7.98e-10 0.00428481759946
7.99e-10 0.00429054509732
8e-10 0.00429632781552
8.01e-10 0.00430216657476
8.02e-10 0.00430806229031
8.03e-10 0.00431578178096
8.04e-10 0.00432176604668
8.05e-10 0.0043278118421
8.06e-10 0.00433391893655
8.07e-10 0.00434008841655
8.08e-10 0.00434632116336
8.09e-10 0.004352618187
8.1e-10 0.00436054696407
8.11e-10 0.00436694358722
8.12e-10 0.00437340668628
8.13e-10 0.00437993782516
8.14e-10 0.00438653812873
8.15e-10 0.00439320884209
8.16e-10 0.00440133584161
8.17e-10 0.00440811884505
8.18e-10 0.00441497804178
8.19e-10 0.00442191342788
8.2e-10 0.00442892648146
8.21e-10 0.00443601845896
8.22e-10 0.00444319077135
8.23e-10 0.00445159716753
8.24e-10 0.00445889743654
8.25e-10 0.00446628126916
8.26e-10 0.00447375078608
8.27e-10 0.00448130757642
8.28e-10 0.00448895338706
8.29e-10 0.00449668997025
8.3e-10 0.00450541840258
8.31e-10 0.00451330397739
8.32e-10 0.00452128806536
8.33e-10 0.00452937110504
8.34e-10 0.00453755523789
8.35e-10 0.00454584236967
8.36e-10 0.00455423460242
8.37e-10 0.00456273409806
8.38e-10 0.00457192112659
8.39e-10 0.0045805973337
8.4e-10 0.00458938609104
8.41e-10 0.00459829055875
8.42e-10 0.0046073132254
8.43e-10 0.0046164568064
8.44e-10 0.00462572404604
8.45e-10 0.00463511778494
8.46e-10 0.0046446409514
8.47e-10 0.0046544677738
8.48e-10 0.0046642114524
8.49e-10 0.00467409639277
8.5e-10 0.00468412414257
8.51e-10 0.00469429830913
8.52e-10 0.0047046222674
8.53e-10 0.00471509967908
8.54e-10 0.00472573433223
8.55e-10 0.00473653017858
8.56e-10 0.00474749132515
8.57e-10 0.00475862204149
8.58e-10 0.00476992676476
8.59e-10 0.00478141010684
8.6e-10 0.00479307686201
8.61e-10 0.00480493201551
8.62e-10 0.00481698075271
8.63e-10 0.00482922846914
8.64e-10 0.00484168078116
8.65e-10 0.00485434353744
8.66e-10 0.00486722283127
8.67e-10 0.0048803250137
8.68e-10 0.00489365670764
8.69e-10 0.00490722482295
8.7e-10 0.0049210365726
8.71e-10 0.00493509948995
8.72e-10 0.00494942144739
8.73e-10 0.00496401067618
8.74e-10 0.00497887578795
8.75e-10 0.00499402579764
8.76e-10 0.00500947014829
8.77e-10 0.00502692266766
8.78e-10 0.00504306312646
8.79e-10 0.00505952630472
8.8e-10 0.00507632610683
8.81e-10 0.00509347434944
8.82e-10 0.00511311016764
8.83e-10 0.00513108457615
8.84e-10 0.00514945297265
8.85e-10 0.00517062822332
8.86e-10 0.00518991711687
8.87e-10 0.00520964286517
8.88e-10 0.00523251512427
8.89e-10 0.00525327506201
8.9e-10 0.005277428806
8.91e-10 0.00529931124228
8.92e-10 0.00532483786954
8.93e-10 0.00535115107829
8.94e-10 0.00537495844435
8.95e-10 0.00540282367378
8.96e-10 0.00543157616993
8.97e-10 0.00546125330847
8.98e-10 0.00549189468362
8.99e-10 0.00552354695037
9e-10 0.00555625492175
9.01e-10 0.00559007228924
9.02e-10 0.00562933654089
9.03e-10 0.00566567380434
9.04e-10 0.00570329779733
9.05e-10 0.00574696310628
9.06e-10 0.00579234187036
9.07e-10 0.00583952166048
9.08e-10 0.00588860208398
9.09e-10 0.00593969075644
9.1e-10 0.00599828290856
9.11e-10 0.00605389912237
9.12e-10 0.00611758110182
9.13e-10 0.00618993292351
9.14e-10 0.00625968155485
9.15e-10 0.0063387839886
9.16e-10 0.00642167236339
9.17e-10 0.00650862182999
