1e-08 0.00705493561612 0.00705493561612
2e-08 0.00705484495653 0.00705484495653
3e-08 0.00705458297281 0.00705458297281
4e-08 0.0070541656724 0.0070541656724
5e-08 0.00705360742348 0.00705360742348
6e-08 0.00705291990142 0.00705291990142
7e-08 0.00705211417625 0.00705211417625
8e-08 0.00705119933064 0.00705119933064
9e-08 0.00705018411475 0.00705018411475
1e-07 0.00704907569822 0.00704907569822
1.1e-07 0.00704788107386 0.00704788107386
1.2e-07 0.00704660593125 0.00704660593125
1.3e-07 0.00704525589232 0.00704525589232
1.4e-07 0.00704383547823 0.00704383547823
1.5e-07 0.00704234922529 0.00704234922529
1.6e-07 0.007040800722 0.007040800722
1.7e-07 0.00703919363191 0.00703919363191
1.8e-07 0.00703753079514 0.00703753079514
1.9e-07 0.00703581517064 0.00703581517064
2e-07 0.00703404899249 0.00703404899249
2.1e-07 0.00703223464834 0.00703223464834
2.2e-07 0.00703037388039 0.00703037388039
2.3e-07 0.00702846861088 0.00702846861088
2.4e-07 0.00702652018053 0.00702652018053
2.5e-07 0.00702453013087 0.00702453013087
2.6e-07 0.0070224994751 0.0070224994751
2.7e-07 0.00702042944181 0.00702042944181
2.8e-07 0.00701832077596 0.00701832077596
2.9e-07 0.00701617444826 0.00701617444826
3e-07 0.00701399098346 0.00701399098346
3.1e-07 0.00701177113871 0.00701177113871
3.2e-07 0.00700951525784 0.00700951525784
3.3e-07 0.00700722392145 0.00700722392145
3.4e-07 0.0070048973231 0.0070048973231
3.5e-07 0.00700253589557 0.00700253589557
3.6e-07 0.00700013970981 0.00700013970981
3.7e-07 0.00699770907476 0.00699770907476
3.8e-07 0.00699524395863 0.00699524395863
3.9e-07 0.00699274456698 0.00699274456698
4e-07 0.00699021078201 0.00699021078201
4.1e-07 0.00698764272231 0.00698764272231
4.2e-07 0.00698504019805 0.00698504019805
4.3e-07 0.00698240325386 0.00698240325386
4.4e-07 0.00697973163958 0.00697973163958
4.5e-07 0.00697702533656 0.00697702533656
4.6e-07 0.0069742840438 0.0069742840438
4.7e-07 0.00697150768759 0.00697150768759
4.8e-07 0.00696869592314 0.00696869592314
4.9e-07 0.00696584863097 0.00696584863097
5e-07 0.00696296542844 0.00696296542844
5.1e-07 0.00696004615435 0.00696004615435
5.2e-07 0.00695709039339 0.00695709039339
5.3e-07 0.00695409794887 0.00695409794887
5.4e-07 0.0069510683769 0.0069510683769
5.5e-07 0.00694800144848 0.00694800144848
5.6e-07 0.0069448966944 0.0069448966944
5.7e-07 0.00694175385705 0.00694175385705
5.8e-07 0.0069385724442 0.0069385724442
5.9e-07 0.00693535217177 0.00693535217177
6e-07 0.00693209252806 0.00693209252806
6.1e-07 0.00692879320356 0.00692879320356
6.2e-07 0.00692545366828 0.00692545366828
6.3e-07 0.00692207359041 0.00692207359041
6.4e-07 0.00691865242249 0.00691865242249
6.5e-07 0.00691518981147 0.00691518981147
6.6e-07 0.00691168519273 0.00691168519273
6.7e-07 0.00690813819427 0.00690813819427
6.8e-07 0.00690454823579 0.00690454823579
6.9e-07 0.00690091492526 0.00690091492526
7e-07 0.00689723766771 0.00689723766771
7.1e-07 0.00689351605252 0.00689351605252
7.2e-07 0.00688974947033 0.00688974947033
7.3e-07 0.00688593749239 0.00688593749239
7.4e-07 0.00688207949445 0.00688207949445
7.5e-07 0.00687817503012 0.00687817503012
7.6e-07 0.00687422346122 0.00687422346122
7.7e-07 0.00687022432412 0.00687022432412
7.8e-07 0.00686617696589 0.00686617696589
7.9e-07 0.00686208090623 0.00686208090623
8e-07 0.00685793547722 0.00685793547722
8.1e-07 0.006853740181 0.006853740181
8.2e-07 0.00684949433636 0.00684949433636
8.3e-07 0.00684519742759 0.00684519742759
8.4e-07 0.00684084875932 0.00684084875932
8.5e-07 0.00683644779795 0.00683644779795
8.6e-07 0.00683199383375 0.00683199383375
8.7e-07 0.00682748631535 0.00682748631535
8.8e-07 0.00682292451859 0.00682292451859
8.9e-07 0.00681830787396 0.00681830787396
9e-07 0.00681363564179 0.00681363564179
9.1e-07 0.00680890723538 0.00680890723538
9.2e-07 0.00680412189914 0.00680412189914
9.3e-07 0.00679927902822 0.00679927902822
9.4e-07 0.00679437785147 0.00679437785147
9.5e-07 0.00678941774516 0.00678941774516
9.6e-07 0.00678439792195 0.00678439792195
9.7e-07 0.00677931773946 0.00677931773946
9.8e-07 0.0067741763939 0.0067741763939
9.9e-07 0.00676897322352 0.00676897322352
1e-06 0.00676370740779 0.00676370740779
1.01e-06 0.00675837826505 0.00675837826505
1.02e-06 0.00675298495748 0.00675298495748
1.03e-06 0.00674752678383 0.00674752678383
1.04e-06 0.00674200288789 0.00674200288789
1.05e-06 0.00673641254884 0.00673641254884
1.06e-06 0.00673075489163 0.00673075489163
1.07e-06 0.00672502917468 0.00672502917468
1.08e-06 0.00671923450434 0.00671923450434
1.09e-06 0.00671337011773 0.00671337011773
1.1e-06 0.00670743510198 0.00670743510198
1.11e-06 0.00670142867251 0.00670142867251
1.12e-06 0.00669534989679 0.00669534989679
1.13e-06 0.0066891979684 0.0066891979684
1.14e-06 0.00668297193373 0.00668297193373
1.15e-06 0.0066766709638 0.0066766709638
1.16e-06 0.00667029408464 0.00667029408464
1.17e-06 0.00666384044419 0.00666384044419
1.18e-06 0.0066573090469 0.0066573090469
1.19e-06 0.0066506990166 0.0066506990166
1.2e-06 0.00664400933643 0.00664400933643
1.21e-06 0.00663723910575 0.00663723910575
1.22e-06 0.00663038728469 0.00663038728469
1.23e-06 0.00662345294846 0.00662345294846
1.24e-06 0.00661643503388 0.00661643503388
1.25e-06 0.00660933259048 0.00660933259048
1.26e-06 0.00660214453143 0.00660214453143
1.27e-06 0.00659486988061 0.00659486988061
1.28e-06 0.00658750752622 0.00658750752622
1.29e-06 0.00658005646597 0.00658005646597
1.3e-06 0.006572515563 0.006572515563
1.31e-06 0.00656488378739 0.00656488378739
1.32e-06 0.00655715997681 0.00655715997681
1.33e-06 0.0065493430734 0.0065493430734
1.34e-06 0.00654143188846 0.00654143188846
1.35e-06 0.00653342533564 0.00653342533564
1.36e-06 0.00652532219862 0.00652532219862
1.37e-06 0.00651712136225 0.00651712136225
1.38e-06 0.0065088215829 0.0065088215829
1.39e-06 0.00650042171435 0.00650042171435
1.4e-06 0.00649192048417 0.00649192048417
1.41e-06 0.00648331671679 0.00648331671679
1.42e-06 0.00647460910957 0.00647460910957
1.43e-06 0.00646579645543 0.00646579645543
1.44e-06 0.00645687742181 0.00645687742181
1.45e-06 0.00644785076949 0.00644785076949
1.46e-06 0.0064387151347 0.0064387151347
1.47e-06 0.00642946924541 0.00642946924541
1.48e-06 0.006420111706 0.006420111706
1.49e-06 0.00641064121045 0.00641064121045
1.5e-06 0.00640105633017 0.00640105633017
1.51e-06 0.00639135572522 0.00639135572522
1.52e-06 0.00638153793311 0.00638153793311
1.53e-06 0.00637160157804 0.00637160157804
1.54e-06 0.00636154516364 0.00636154516364
1.55e-06 0.00635136727751 0.00635136727751
1.56e-06 0.00634106638754 0.00634106638754
1.57e-06 0.00633064104438 0.00633064104438
1.58e-06 0.00632008967944 0.00632008967944
1.59e-06 0.00630941080525 0.00630941080525
1.6e-06 0.006298602816 0.006298602816
1.61e-06 0.00628766418468 0.00628766418468
1.62e-06 0.00627659326692 0.00627659326692
1.63e-06 0.00626538849601 0.00626538849601
1.64e-06 0.00625404818795 0.00625404818795
1.65e-06 0.00624257073497 0.00624257073497
1.66e-06 0.00623095441249 0.00623095441249
1.67e-06 0.00621919757063 0.00621919757063
1.68e-06 0.00620729844306 0.00620729844306
1.69e-06 0.00619525533658 0.00619525533658
1.7e-06 0.00618306644209 0.00618306644209
1.71e-06 0.00617073002207 0.00617073002207
1.72e-06 0.00615824422368 0.00615824422368
1.73e-06 0.00614560726361 0.00614560726361
1.74e-06 0.0061328172438 0.0061328172438
1.75e-06 0.00611987233462 0.00611987233462
1.76e-06 0.0061067705915 0.0061067705915
1.77e-06 0.00609351013658 0.00609351013658
1.78e-06 0.00608008897813 0.00608008897813
1.79e-06 0.00606650518891 0.00606650518891
1.8e-06 0.00605275672814 0.00605275672814
1.81e-06 0.00603884161842 0.00603884161842
1.82e-06 0.00602475776843 0.00602475776843
1.83e-06 0.00601050314904 0.00601050314904
1.84e-06 0.00599607561754 0.00599607561754
1.85e-06 0.00598147309136 0.00598147309136
1.86e-06 0.00596669337476 0.00596669337476
1.87e-06 0.00595173433071 0.00595173433071
1.88e-06 0.00593659370895 0.00593659370895
1.89e-06 0.00592126931628 0.00592126931628
1.9e-06 0.00590575884664 0.00590575884664
1.91e-06 0.0058900600492 0.0058900600492
1.92e-06 0.00587417056012 0.00587417056012
1.93e-06 0.00585808806988 0.00585808806988
1.94e-06 0.0058418101553 0.0058418101553
1.95e-06 0.00582533444615 0.00582533444615
1.96e-06 0.00580865845855 0.00580865845855
1.97e-06 0.0057917797597 0.0057917797597
1.98e-06 0.00577469580343 0.00577469580343
1.99e-06 0.00575740409289 0.00575740409289
2e-06 0.00573990201796 0.00573990201796
2.01e-06 0.00572218701559 0.00572218701559
2.02e-06 0.00570425640949 0.00570425640949
2.03e-06 0.00568610756948 0.00568610756948
2.04e-06 0.00566773775114 0.00566773775114
2.05e-06 0.00564914425508 0.00564914425508
2.06e-06 0.00563032426687 0.00563032426687
2.07e-06 0.00561127501562 0.00561127501562
2.08e-06 0.00559199361528 0.00559199361528
2.09e-06 0.00557247722158 0.00557247722158
2.1e-06 0.0055527228747 0.0055527228747
2.11e-06 0.005532727655 0.005532727655
2.12e-06 0.0055124885264 0.0055124885264
2.13e-06 0.00549200249202 0.00549200249202
2.14e-06 0.00547126643762 0.00547126643762
2.15e-06 0.00545027728668 0.00545027728668
2.16e-06 0.00542903184429 0.00542903184429
2.17e-06 0.00540752695238 0.00540752695238
2.18e-06 0.00538575933318 0.00538575933318
2.19e-06 0.00536372574413 0.00536372574413
2.2e-06 0.00534142282262 0.00534142282262
2.21e-06 0.0053188472394 0.0053188472394
2.22e-06 0.00529599554403 0.00529599554403
2.23e-06 0.00527286431833 0.00527286431833
2.24e-06 0.00524945002168 0.00524945002168
2.25e-06 0.0052257491441 0.0052257491441
2.26e-06 0.00520175805218 0.00520175805218
2.27e-06 0.0051774731415 0.0051774731415
2.28e-06 0.00515289068314 0.00515289068314
2.29e-06 0.00512800697566 0.00512800697566
2.3e-06 0.00510281819154 0.00510281819154
2.31e-06 0.00507732052959 0.00507732052959
2.32e-06 0.00505151006074 0.00505151006074
2.33e-06 0.00502538288105 0.00502538288105
2.34e-06 0.00499893495711 0.00499893495711
2.35e-06 0.00497216227907 0.00497216227907
2.36e-06 0.00494506070582 0.00494506070582
2.37e-06 0.00491762611882 0.00491762611882
2.38e-06 0.00488985426587 0.00488985426587
2.39e-06 0.00486174091631 0.00486174091631
2.4e-06 0.00483328170373 0.00483328170373
2.41e-06 0.004804472282 0.004804472282
2.42e-06 0.00477530816707 0.00477530816707
2.43e-06 0.00474578489363 0.00474578489363
2.44e-06 0.00471589785646 0.00471589785646
2.45e-06 0.00468564246783 0.00468564246783
2.46e-06 0.00465501399738 0.00465501399738
2.47e-06 0.00462400773108 0.00462400773108
2.48e-06 0.00459261880993 0.00459261880993
2.49e-06 0.0045608423898 0.0045608423898
2.5e-06 0.00452867347872 0.00452867347872
2.51e-06 0.00449610709882 0.00449610709882
2.52e-06 0.00446313812107 0.00446313812107
2.53e-06 0.00442976142967 0.00442976142967
2.54e-06 0.0043959717545 0.0043959717545
2.55e-06 0.00436176383744 0.00436176383744
2.56e-06 0.00432713226311 0.00432713226311
2.57e-06 0.00429207162677 0.00429207162677
2.58e-06 0.00425657636303 0.00425657636303
2.59e-06 0.00422064091632 0.00422064091632
2.6e-06 0.00418425956674 0.00418425956674
2.61e-06 0.00414742660343 0.00414742660343
2.62e-06 0.00411013614708 0.00411013614708
2.63e-06 0.00407238232679 0.00407238232679
2.64e-06 0.00403415909935 0.00403415909935
2.65e-06 0.00399546042904 0.00399546042904
2.66e-06 0.00395628010366 0.00395628010366
2.67e-06 0.00391661191798 0.00391661191798
2.68e-06 0.00387644948596 0.00387644948596
2.69e-06 0.00383578642803 0.00383578642803
2.7e-06 0.0037946161793 0.0037946161793
2.71e-06 0.00375293218097 0.00375293218097
2.72e-06 0.00371072768445 0.00371072768445
2.73e-06 0.00366799594701 0.00366799594701
2.74e-06 0.00362473003135 0.00362473003135
2.75e-06 0.00358092300606 0.00358092300606
2.76e-06 0.00353656774059 0.00353656774059
2.77e-06 0.00349165711044 0.00349165711044
2.78e-06 0.0034461837872 0.0034461837872
2.79e-06 0.0034001404495 0.0034001404495
2.8e-06 0.00335351956705 0.00335351956705
2.81e-06 0.00330631361782 0.00330631361782
2.82e-06 0.00325851486644 0.00325851486644
2.83e-06 0.00321011558747 0.00321011558747
2.84e-06 0.00316110783799 0.00316110783799
2.85e-06 0.00311148368766 0.00311148368766
2.86e-06 0.00306123498499 0.00306123498499
2.87e-06 0.00301035359472 0.00301035359472
2.88e-06 0.00295883115765 0.00295883115765
2.89e-06 0.00290665933587 0.00290665933587
2.9e-06 0.00285382956622 0.00285382956622
2.91e-06 0.00280033331388 0.00280033331388
2.92e-06 0.00274616181917 0.00274616181917
2.93e-06 0.00269130636066 0.00269130636066
2.94e-06 0.00263575799542 0.00263575799542
2.95e-06 0.00257950783269 0.00257950783269
2.96e-06 0.00252254676761 0.00252254676761
2.97e-06 0.00246486576706 0.00246486576706
2.98e-06 0.00240645559795 0.00240645559795
2.99e-06 0.0023473071267 0.0023473071267
3e-06 0.00228741104332 0.00228741104332
3.01e-06 0.00222675817777 0.00222675817777
3.02e-06 0.00216533922215 0.00216533922215
3.03e-06 0.00210314506819 0.00210314506819
3.04e-06 0.00204016653152 0.00204016653152
3.05e-06 0.00197639471764 0.00197639471764
3.06e-06 0.00191182075586 0.00191182075586
3.07e-06 0.00184643620476 0.00184643620476
3.08e-06 0.00178023280989 0.00178023280989
3.09e-06 0.001713202969 0.001713202969
3.1e-06 0.00164533953956 0.00164533953956
3.11e-06 0.00157663640088 0.00157663640088
3.12e-06 0.00150708836247 0.00150708836247
3.13e-06 0.00143669189718 0.00143669189718
3.14e-06 0.00136544525522 0.00136544525522
3.15e-06 0.00129334952424 0.00129334952424
3.16e-06 0.00122040918124 0.00122040918124
3.17e-06 0.00114663383597 0.00114663383597
3.18e-06 0.00107203977792 0.00107203977792
3.19e-06 0.000996653300426 0.000996653300426
3.2e-06 0.00092051472689 0.00092051472689
3.21e-06 0.00084368585838 0.00084368585838
3.22e-06 0.000766260995845 0.000766260995845
3.23e-06 0.000688386883743 0.000688386883743
3.24e-06 0.000610297013929 0.000610297013929
3.25e-06 0.000532377496785 0.000532377496785
3.26e-06 0.000455297477948 0.000455297477948
3.27e-06 0.000380289328135 0.000380289328135
3.28e-06 0.00030978114266 0.00030978114266
3.29e-06 0.000248826189904 0.000248826189904
3.3e-06 0.000207546929513 0.000207546929513
3.31e-06 0.000200185727726 0.000200185727726
3.32e-06 0.000231425715109 0.000231425715109
3.33e-06 0.000290165668695 0.000290165668695
3.34e-06 0.000364255265436 0.000364255265436
3.35e-06 0.000446913524336 0.000446913524336
3.36e-06 0.000534870835309 0.000534870835309
3.37e-06 0.000626509230134 0.000626509230134
3.38e-06 0.000720975745576 0.000720975745576
3.39e-06 0.000817792012292 0.000817792012292
3.4e-06 0.000916676724028 0.000916676724028
3.41e-06 0.00101745830341 0.00101745830341
3.42e-06 0.00112003055981 0.00112003055981
3.43e-06 0.00122432734304 0.00122432734304
3.44e-06 0.00133030897194 0.00133030897194
3.45e-06 0.00143795296568 0.00143795296568
3.46e-06 0.00154724939395 0.00154724939395
3.47e-06 0.00165819669109 0.00165819669109
3.48e-06 0.00177080010785 0.00177080010785
3.49e-06 0.00188506938812 0.00188506938812
3.5e-06 0.00200101846915 0.00200101846915
3.51e-06 0.00211866391564 0.00211866391564
3.52e-06 0.00223802519139 0.00223802519139
3.53e-06 0.0023591234205 0.0023591234205
3.54e-06 0.00248198195445 0.00248198195445
3.55e-06 0.00260662527557 0.00260662527557
3.56e-06 0.00273307973709 0.00273307973709
3.57e-06 0.00286137252172 0.00286137252172
3.58e-06 0.00299153249744 0.00299153249744
3.59e-06 0.00312358918664 0.00312358918664
3.6e-06 0.00325757370951 0.00325757370951
3.61e-06 0.00339351773971 0.00339351773971
3.62e-06 0.00353145452075 0.00353145452075
3.63e-06 0.0036714177943 0.0036714177943
3.64e-06 0.00381344288283 0.00381344288283
3.65e-06 0.00395756558095 0.00395756558095
3.66e-06 0.004103823302 0.004103823302
3.67e-06 0.00425225392563 0.00425225392563
3.68e-06 0.00440289700783 0.00440289700783
3.69e-06 0.00455579257987 0.00455579257987
3.7e-06 0.00471098242301 0.00471098242301
3.71e-06 0.00486850881378 0.00486850881378
3.72e-06 0.00502841586602 0.00502841586602
3.73e-06 0.00519074821865 0.00519074821865
3.74e-06 0.00535555244719 0.00535555244719
3.75e-06 0.0055228756904 0.0055228756904
3.76e-06 0.00569276713501 0.00569276713501
3.77e-06 0.00586527657719 0.00586527657719
3.78e-06 0.00604045598364 0.00604045598364
3.79e-06 0.00621835798493 0.00621835798493
3.8e-06 0.00639903751718 0.00639903751718
3.81e-06 0.0065825502423 0.0065825502423
3.82e-06 0.00676895427576 0.00676895427576
3.83e-06 0.00695830852944 0.00695830852944
3.84e-06 0.00715067453016 0.00715067453016
3.85e-06 0.00734611468097 0.00734611468097
3.86e-06 0.0075446941759 0.0075446941759
3.87e-06 0.00774647917526 0.00774647917526
3.88e-06 0.00795153882228 0.00795153882228
3.89e-06 0.0081599433274 0.0081599433274
3.9e-06 0.0083717660938 0.0083717660938
3.91e-06 0.00858708170487 0.00858708170487
3.92e-06 0.0088059681657 0.0088059681657
3.93e-06 0.00902850478863 0.00902850478863
3.94e-06 0.00925477455794 0.00925477455794
3.95e-06 0.00948486190729 0.00948486190729
3.96e-06 0.00971885521627 0.00971885521627
3.97e-06 0.00995684447361 0.00995684447361
3.98e-06 0.0101989239139 0.0101989239139
3.99e-06 0.0104451895601 0.0104451895601
4e-06 0.0106957420106 0.0106957420106
4.01e-06 0.0109506838535 0.0109506838535
4.02e-06 0.0112101226141 0.0112101226141
4.03e-06 0.0114741680341 0.0114741680341
4.04e-06 0.0117429351911 0.0117429351911
4.05e-06 0.0120165416342 0.0120165416342
4.06e-06 0.0122951106879 0.0122951106879
4.07e-06 0.0125787684364 0.0125787684364
4.08e-06 0.0128676472246 0.0128676472246
4.09e-06 0.0131618824823 0.0131618824823
4.1e-06 0.0134616164383 0.0134616164383
4.11e-06 0.0137669947735 0.0137669947735
4.12e-06 0.0140781705649 0.0140781705649
4.13e-06 0.0143953007586 0.0143953007586
4.14e-06 0.0147185503598 0.0147185503598
4.15e-06 0.0150480887164 0.0150480887164
4.16e-06 0.0153840939746 0.0153840939746
4.17e-06 0.0157267491619 0.0157267491619
4.18e-06 0.0160762469297 0.0160762469297
4.19e-06 0.0164327854241 0.0164327854241
4.2e-06 0.01679657334 0.01679657334
4.21e-06 0.0171678255683 0.0171678255683
4.22e-06 0.017546768586 0.017546768586
4.23e-06 0.0179336358691 0.0179336358691
4.24e-06 0.0183286736474 0.0183286736474
4.25e-06 0.0187321360714 0.0187321360714
4.26e-06 0.019144291363 0.019144291363
4.27e-06 0.0195654167252 0.0195654167252
4.28e-06 0.0199958049242 0.0199958049242
4.29e-06 0.0204357589305 0.0204357589305
4.3e-06 0.0208855989714 0.0208855989714
4.31e-06 0.0213456568935 0.0213456568935
4.32e-06 0.0218162837292 0.0218162837292
4.33e-06 0.0222978437719 0.0222978437719
4.34e-06 0.0227907227057 0.0227907227057
4.35e-06 0.0232953213865 0.0232953213865
4.36e-06 0.0238120645892 0.0238120645892
4.37e-06 0.0243413944913 0.0243413944913
4.38e-06 0.0248837801008 0.0248837801008
4.39e-06 0.0254397104417 0.0254397104417
4.4e-06 0.0260097047338 0.0260097047338
4.41e-06 0.0265943052845 0.0265943052845
4.42e-06 0.0271940885044 0.0271940885044
4.43e-06 0.0278096575165 0.0278096575165
4.44e-06 0.0284416541024 0.0284416541024
4.45e-06 0.0290907510508 0.0290907510508
4.46e-06 0.0297576651457 0.0297576651457
4.47e-06 0.0304431492881 0.0304431492881
4.48e-06 0.0311480066575 0.0311480066575
4.49e-06 0.0318730826567 0.0318730826567
4.5e-06 0.0326192804037 0.0326192804037
4.51e-06 0.0333875525731 0.0333875525731
4.52e-06 0.0341789184047 0.0341789184047
4.53e-06 0.0349944555461 0.0349944555461
4.54e-06 0.035835318806 0.035835318806
4.55e-06 0.036702732141 0.036702732141
4.56e-06 0.0375980094346 0.0375980094346
4.57e-06 0.0385225468269 0.0385225468269
4.58e-06 0.0394778458678 0.0394778458678
4.59e-06 0.040465506462 0.040465506462
4.6e-06 0.0414872528359 0.0414872528359
4.61e-06 0.0425449274725 0.0425449274725
4.62e-06 0.0436405204524 0.0436405204524
4.63e-06 0.0447761648903 0.0447761648903
4.64e-06 0.0459541703785 0.0459541703785
4.65e-06 0.0471770206275 0.0471770206275
4.66e-06 0.0484474119685 0.0484474119685
4.67e-06 0.0497682541681 0.0497682541681
4.68e-06 0.0511427152632 0.0511427152632
4.69e-06 0.0525742268982 0.0525742268982
4.7e-06 0.0540665372158 0.0540665372158
4.71e-06 0.0556237226011 0.0556237226011
4.72e-06 0.057250250994 0.057250250994
4.73e-06 0.0589510027037 0.0589510027037
4.74e-06 0.0607313474374 0.0607313474374
4.75e-06 0.0625971779832 0.0625971779832
4.76e-06 0.0645550056214 0.0645550056214
4.77e-06 0.0666120121532 0.0666120121532
4.78e-06 0.0687761703978 0.0687761703978
4.79e-06 0.0710563225695 0.0710563225695
4.8e-06 0.0734623356434 0.0734623356434
4.81e-06 0.0760052179156 0.0760052179156
4.82e-06 0.078697323732 0.078697323732
4.83e-06 0.0815525259652 0.0815525259652
4.84e-06 0.0845864918871 0.0845864918871
4.85e-06 0.087816938461 0.087816938461
4.86e-06 0.0912640125096 0.0912640125096
4.87e-06 0.0949506700454 0.0949506700454
4.88e-06 0.0989032116988 0.0989032116988
4.89e-06 0.103151849725 0.103151849725
4.9e-06 0.107731477501 0.107731477501
4.91e-06 0.112682522801 0.112682522801
4.92e-06 0.118052073601 0.118052073601
4.93e-06 0.123895171174 0.123895171174
4.94e-06 0.13027648501 0.13027648501
4.95e-06 0.137272296206 0.137272296206
4.96e-06 0.144973062315 0.144973062315
4.97e-06 0.153486610289 0.153486610289
4.98e-06 0.162942511962 0.162942511962
4.99e-06 0.17349843999 0.17349843999
5e-06 0.185351127232 0.185351127232
5.01e-06 0.198758761961 0.198758761961
5.02e-06 0.214095707438 0.214095707438
5.03e-06 0.232005484298 0.232005484298
5.04e-06 0.253885821502 0.253885821502
5.05e-06 0.283735837966 0.283735837966
5.06e-06 0.339761348712 0.339761348712
5.07e-06 0.288005718542 0.288005718542
5.08e-06 0.614037569951 0.614037569951
5.09e-06 2.82341804395 2.82341804395
5.1e-06 188.079142074 188.079142074
5.11e-06 581965.421373 581965.421373
5.12e-06 1249018418.04 1249018418.04
5.13e-06 2.05524107419e+12 2.05524107419e+12
5.14e-06 1.3982803328e+18 1.3982803328e+18
5.15e-06 1.07342110642e+28 1.07342110642e+28
5.16e-06 2.34568557408e+43 2.34568557408e+43
5.17e-06 1.91681709991e+73 1.91681709991e+73
5.18e-06 1.28916980486e+133 1.28916980486e+133
5.19e-06 nan nan
5.2e-06 nan nan
5.21e-06 nan nan
5.22e-06 nan nan
5.23e-06 nan nan
5.24e-06 nan nan
5.25e-06 nan nan
5.26e-06 nan nan
5.27e-06 nan nan
5.28e-06 nan nan
5.29e-06 nan nan
5.3e-06 nan nan
5.31e-06 nan nan
5.32e-06 nan nan
5.33e-06 nan nan
5.34e-06 nan nan
5.35e-06 nan nan
5.36e-06 nan nan
5.37e-06 nan nan
5.38e-06 nan nan
5.39e-06 nan nan
5.4e-06 nan nan
5.41e-06 nan nan
5.42e-06 nan nan
5.43e-06 nan nan
5.44e-06 nan nan
5.45e-06 nan nan
5.46e-06 nan nan
5.47e-06 nan nan
5.48e-06 nan nan
5.49e-06 nan nan
5.5e-06 nan nan
5.51e-06 nan nan
5.52e-06 nan nan
5.53e-06 nan nan
5.54e-06 nan nan
5.55e-06 nan nan
5.56e-06 nan nan
5.57e-06 nan nan
5.58e-06 nan nan
5.59e-06 nan nan
5.6e-06 nan nan
5.61e-06 nan nan
5.62e-06 nan nan
5.63e-06 nan nan
5.64e-06 nan nan
5.65e-06 nan nan
5.66e-06 nan nan
5.67e-06 nan nan
5.68e-06 nan nan
5.69e-06 nan nan
5.7e-06 nan nan
5.71e-06 nan nan
5.72e-06 nan nan
5.73e-06 nan nan
5.74e-06 nan nan
5.75e-06 nan nan
5.76e-06 nan nan
5.77e-06 nan nan
5.78e-06 nan nan
5.79e-06 nan nan
5.8e-06 nan nan
5.81e-06 nan nan
5.82e-06 nan nan
5.83e-06 nan nan
5.84e-06 nan nan
5.85e-06 nan nan
5.86e-06 nan nan
5.87e-06 nan nan
5.88e-06 nan nan
5.89e-06 nan nan
5.9e-06 nan nan
5.91e-06 nan nan
5.92e-06 nan nan
5.93e-06 nan nan
5.94e-06 nan nan
5.95e-06 nan nan
5.96e-06 nan nan
5.97e-06 nan nan
5.98e-06 nan nan
5.99e-06 nan nan
6e-06 nan nan
6.01e-06 nan nan
6.02e-06 nan nan
6.03e-06 nan nan
6.04e-06 nan nan
6.05e-06 nan nan
6.06e-06 nan nan
6.07e-06 nan nan
6.08e-06 nan nan
6.09e-06 nan nan
6.1e-06 nan nan
6.11e-06 nan nan
6.12e-06 nan nan
6.13e-06 nan nan
6.14e-06 nan nan
6.15e-06 nan nan
6.16e-06 nan nan
6.17e-06 nan nan
6.18e-06 nan nan
6.19e-06 nan nan
6.2e-06 nan nan
6.21e-06 nan nan
6.22e-06 nan nan
6.23e-06 nan nan
6.24e-06 nan nan
6.25e-06 nan nan
6.26e-06 nan nan
6.27e-06 nan nan
6.28e-06 nan nan
6.29e-06 nan nan
6.3e-06 nan nan
6.31e-06 nan nan
6.32e-06 nan nan
6.33e-06 nan nan
6.34e-06 nan nan
6.35e-06 nan nan
6.36e-06 nan nan
6.37e-06 nan nan
6.38e-06 nan nan
6.39e-06 nan nan
6.4e-06 nan nan
6.41e-06 nan nan
6.42e-06 nan nan
6.43e-06 nan nan
6.44e-06 nan nan
6.45e-06 nan nan
6.46e-06 nan nan
6.47e-06 nan nan
6.48e-06 nan nan
6.49e-06 nan nan
6.5e-06 nan nan
6.51e-06 nan nan
6.52e-06 nan nan
6.53e-06 nan nan
6.54e-06 nan nan
6.55e-06 nan nan
6.56e-06 nan nan
6.57e-06 nan nan
6.58e-06 nan nan
6.59e-06 nan nan
6.6e-06 nan nan
6.61e-06 nan nan
6.62e-06 nan nan
6.63e-06 nan nan
6.64e-06 nan nan
6.65e-06 nan nan
6.66e-06 nan nan
6.67e-06 nan nan
6.68e-06 nan nan
6.69e-06 nan nan
6.7e-06 nan nan
6.71e-06 nan nan
6.72e-06 nan nan
6.73e-06 nan nan
6.74e-06 nan nan
6.75e-06 nan nan
6.76e-06 nan nan
6.77e-06 nan nan
6.78e-06 nan nan
6.79e-06 nan nan
6.8e-06 nan nan
6.81e-06 nan nan
6.82e-06 nan nan
6.83e-06 nan nan
6.84e-06 nan nan
6.85e-06 nan nan
6.86e-06 nan nan
6.87e-06 nan nan
6.88e-06 nan nan
6.89e-06 nan nan
6.9e-06 nan nan
6.91e-06 nan nan
6.92e-06 nan nan
6.93e-06 nan nan
6.94e-06 nan nan
6.95e-06 nan nan
6.96e-06 nan nan
6.97e-06 nan nan
6.98e-06 nan nan
6.99e-06 nan nan
7e-06 nan nan
7.01e-06 nan nan
7.02e-06 nan nan
7.03e-06 nan nan
7.04e-06 nan nan
7.05e-06 nan nan
7.06e-06 nan nan
7.07e-06 nan nan
7.08e-06 nan nan
7.09e-06 nan nan
7.1e-06 nan nan
7.11e-06 nan nan
7.12e-06 nan nan
7.13e-06 nan nan
7.14e-06 nan nan
7.15e-06 nan nan
7.16e-06 nan nan
7.17e-06 nan nan
7.18e-06 nan nan
7.19e-06 nan nan
7.2e-06 nan nan
7.21e-06 nan nan
7.22e-06 nan nan
7.23e-06 nan nan
7.24e-06 nan nan
7.25e-06 nan nan
7.26e-06 nan nan
7.27e-06 nan nan
7.28e-06 nan nan
7.29e-06 nan nan
7.3e-06 nan nan
7.31e-06 nan nan
7.32e-06 nan nan
7.33e-06 nan nan
7.34e-06 nan nan
7.35e-06 nan nan
7.36e-06 nan nan
