1e-08 0.00700096150887 0.00700096150887
2e-08 0.00700080145043 0.00700080145043
3e-08 0.00700034021403 0.00700034021403
4e-08 0.00699960672559 0.00699960672559
5e-08 0.00699862680618 0.00699862680618
6e-08 0.006997420656 0.006997420656
7e-08 0.00699600767834 0.00699600767834
8e-08 0.00699440319959 0.00699440319959
9e-08 0.00699262227791 0.00699262227791
1e-07 0.0069906767521 0.0069906767521
1.1e-07 0.00698857846797 0.00698857846797
1.2e-07 0.00698633662207 0.00698633662207
1.3e-07 0.0069839605958 0.0069839605958
1.4e-07 0.00698145753188 0.00698145753188
1.5e-07 0.00697883488137 0.00697883488137
1.6e-07 0.00697609816722 0.00697609816722
1.7e-07 0.00697325330872 0.00697325330872
1.8e-07 0.00697030453805 0.00697030453805
1.9e-07 0.00696725654744 0.00696725654744
2e-07 0.00696411253356 0.00696411253356
2.1e-07 0.00696087619753 0.00696087619753
2.2e-07 0.0069575499005 0.0069575499005
2.3e-07 0.006954136539 0.006954136539
2.4e-07 0.00695063779598 0.00695063779598
2.5e-07 0.00694705591032 0.00694705591032
2.6e-07 0.00694339201232 0.00694339201232
2.7e-07 0.00693964780119 0.00693964780119
2.8e-07 0.00693582395483 0.00693582395483
2.9e-07 0.00693192172617 0.00693192172617
3e-07 0.00692794142088 0.00692794142088
3.1e-07 0.00692388392178 0.00692388392178
3.2e-07 0.00691974922673 0.00691974922673
3.3e-07 0.00691553790886 0.00691553790886
3.4e-07 0.00691124971012 0.00691124971012
3.5e-07 0.0069068849435 0.0069068849435
3.6e-07 0.006902443137 0.006902443137
3.7e-07 0.00689792438279 0.00689792438279
3.8e-07 0.00689332802859 0.00689332802859
3.9e-07 0.00688865397803 0.00688865397803
4e-07 0.00688390142567 0.00688390142567
4.1e-07 0.00687907011286 0.00687907011286
4.2e-07 0.00687415910261 0.00687415910261
4.3e-07 0.00686916799486 0.00686916799486
4.4e-07 0.00686409573919 0.00686409573919
4.5e-07 0.00685894181078 0.00685894181078
4.6e-07 0.00685370505954 0.00685370505954
4.7e-07 0.0068483848501 0.0068483848501
4.8e-07 0.00684297994393 0.00684297994393
4.9e-07 0.00683748960602 0.00683748960602
5e-07 0.00683191251817 0.00683191251817
5.1e-07 0.00682624785445 0.00682624785445
5.2e-07 0.0068204942241 0.0068204942241
5.3e-07 0.00681465071763 0.00681465071763
5.4e-07 0.00680871587685 0.00680871587685
5.5e-07 0.00680268871408 0.00680268871408
5.6e-07 0.00679656770829 0.00679656770829
5.7e-07 0.00679035179761 0.00679035179761
5.8e-07 0.00678403940127 0.00678403940127
5.9e-07 0.00677762938663 0.00677762938663
6e-07 0.00677112011523 0.00677112011523
6.1e-07 0.00676451038629 0.00676451038629
6.2e-07 0.00675779850505 0.00675779850505
6.3e-07 0.00675098320434 0.00675098320434
6.4e-07 0.00674406273418 0.00674406273418
6.5e-07 0.00673703576195 0.00673703576195
6.6e-07 0.00672990048292 0.00672990048292
6.7e-07 0.00672265549959 0.00672265549959
6.8e-07 0.00671529895251 0.00671529895251
6.9e-07 0.00670782937974 0.00670782937974
7e-07 0.00670024486679 0.00670024486679
7.1e-07 0.00669254388666 0.00669254388666
7.2e-07 0.00668472446918 0.00668472446918
7.3e-07 0.00667678502254 0.00667678502254
7.4e-07 0.00666872351952 0.00666872351952
7.5e-07 0.00666053830256 0.00666053830256
7.6e-07 0.00665222728666 0.00665222728666
7.7e-07 0.0066437887475 0.0066437887475
7.8e-07 0.00663522054082 0.00663522054082
7.9e-07 0.00662652087439 0.00662652087439
8e-07 0.00661768754317 0.00661768754317
8.1e-07 0.00660871868583 0.00660871868583
8.2e-07 0.00659961203499 0.00659961203499
8.3e-07 0.00659036565837 0.00659036565837
8.4e-07 0.00658097722441 0.00658097722441
8.5e-07 0.00657144472868 0.00657144472868
8.6e-07 0.00656176577335 0.00656176577335
8.7e-07 0.00655193827989 0.00655193827989
8.8e-07 0.00654195978212 0.00654195978212
8.9e-07 0.00653182812552 0.00653182812552
9e-07 0.00652154077348 0.00652154077348
9.1e-07 0.00651109549336 0.00651109549336
9.2e-07 0.00650048967603 0.00650048967603
9.3e-07 0.00648972100838 0.00648972100838
9.4e-07 0.00647878680615 0.00647878680615
9.5e-07 0.0064676846738 0.0064676846738
9.6e-07 0.00645641184936 0.00645641184936
9.7e-07 0.00644496585233 0.00644496585233
9.8e-07 0.0064333438405 0.0064333438405
9.9e-07 0.00642154324598 0.00642154324598
1e-06 0.00640956114355 0.00640956114355
1.01e-06 0.00639739487519 0.00639739487519
1.02e-06 0.0063850414298 0.0063850414298
1.03e-06 0.00637249805666 0.00637249805666
1.04e-06 0.00635976165582 0.00635976165582
1.05e-06 0.00634682938089 0.00634682938089
1.06e-06 0.00633369804007 0.00633369804007
1.07e-06 0.00632036468831 0.00632036468831
1.08e-06 0.00630682603876 0.00630682603876
1.09e-06 0.00629307904463 0.00629307904463
1.1e-06 0.00627912032072 0.00627912032072
1.11e-06 0.00626494671528 0.00626494671528
1.12e-06 0.00625055474126 0.00625055474126
1.13e-06 0.00623594113868 0.00623594113868
1.14e-06 0.00622110231513 0.00622110231513
1.15e-06 0.00620603489885 0.00620603489885
1.16e-06 0.00619073518837 0.00619073518837
1.17e-06 0.00617519969647 0.00617519969647
1.18e-06 0.0061594246089 0.0061594246089
1.19e-06 0.00614340631916 0.00614340631916
1.2e-06 0.00612714089623 0.00612714089623
1.21e-06 0.00611062461051 0.00611062461051
1.22e-06 0.00609385341001 0.00609385341001
1.23e-06 0.00607682343795 0.00607682343795
1.24e-06 0.00605953051715 0.00605953051715
1.25e-06 0.00604197065936 0.00604197065936
1.26e-06 0.00602413955777 0.00602413955777
1.27e-06 0.00600603308833 0.00600603308833
1.28e-06 0.00598764680997 0.00598764680997
1.29e-06 0.00596897645822 0.00596897645822
1.3e-06 0.00595001745295 0.00595001745295
1.31e-06 0.00593076538454 0.00593076538454
1.32e-06 0.00591121552885 0.00591121552885
1.33e-06 0.00589136332615 0.00589136332615
1.34e-06 0.0058712039031 0.0058712039031
1.35e-06 0.00585073254473 0.00585073254473
1.36e-06 0.00582994422314 0.00582994422314
1.37e-06 0.00580883406271 0.00580883406271
1.38e-06 0.00578739687542 0.00578739687542
1.39e-06 0.00576562761944 0.00576562761944
1.4e-06 0.00574352094075 0.00574352094075
1.41e-06 0.00572107162554 0.00572107162554
1.42e-06 0.00569827414782 0.00569827414782
1.43e-06 0.00567512311569 0.00567512311569
1.44e-06 0.00565161282483 0.00565161282483
1.45e-06 0.00562773769899 0.00562773769899
1.46e-06 0.00560349184898 0.00560349184898
1.47e-06 0.00557886950766 0.00557886950766
1.48e-06 0.00555386459408 0.00555386459408
1.49e-06 0.00552847114336 0.00552847114336
1.5e-06 0.00550268287576 0.00550268287576
1.51e-06 0.00547649362148 0.00547649362148
1.52e-06 0.00544989689447 0.00544989689447
1.53e-06 0.00542288631269 0.00542288631269
1.54e-06 0.00539545517605 0.00539545517605
1.55e-06 0.00536759688241 0.00536759688241
1.56e-06 0.00533930450964 0.00533930450964
1.57e-06 0.0053105712274 0.0053105712274
1.58e-06 0.00528138988302 0.00528138988302
1.59e-06 0.00525175340955 0.00525175340955
1.6e-06 0.00522165441503 0.00522165441503
1.61e-06 0.00519108558709 0.00519108558709
1.62e-06 0.00516003928521 0.00516003928521
1.63e-06 0.00512850794239 0.00512850794239
1.64e-06 0.00509648366003 0.00509648366003
1.65e-06 0.00506395860683 0.00506395860683
1.66e-06 0.00503092461609 0.00503092461609
1.67e-06 0.0049973735822 0.0049973735822
1.68e-06 0.00496329705984 0.00496329705984
1.69e-06 0.00492868665862 0.00492868665862
1.7e-06 0.00489353364368 0.00489353364368
1.71e-06 0.00485782932884 0.00485782932884
1.72e-06 0.00482156467829 0.00482156467829
1.73e-06 0.00478473069865 0.00478473069865
1.74e-06 0.00474731804119 0.00474731804119
1.75e-06 0.00470931739333 0.00470931739333
1.76e-06 0.004670719081 0.004670719081
1.77e-06 0.00463151345993 0.00463151345993
1.78e-06 0.00459169051769 0.00459169051769
1.79e-06 0.00455124026535 0.00455124026535
1.8e-06 0.00451015233853 0.00451015233853
1.81e-06 0.00446841639004 0.00446841639004
1.82e-06 0.00442602168941 0.00442602168941
1.83e-06 0.00438295751701 0.00438295751701
1.84e-06 0.00433921276171 0.00433921276171
1.85e-06 0.00429477631675 0.00429477631675
1.86e-06 0.00424963667496 0.00424963667496
1.87e-06 0.0042037823273 0.0042037823273
1.88e-06 0.00415720135482 0.00415720135482
1.89e-06 0.00410988183042 0.00410988183042
1.9e-06 0.00406181140711 0.00406181140711
1.91e-06 0.00401297772362 0.00401297772362
1.92e-06 0.00396336798817 0.00396336798817
1.93e-06 0.00391296938886 0.00391296938886
1.94e-06 0.00386176867221 0.00386176867221
1.95e-06 0.00380975255896 0.00380975255896
1.96e-06 0.00375690731681 0.00375690731681
1.97e-06 0.00370321918258 0.00370321918258
1.98e-06 0.00364867392831 0.00364867392831
1.99e-06 0.00359325729058 0.00359325729058
2e-06 0.00353695452946 0.00353695452946
2.01e-06 0.00347975086606 0.00347975086606
2.02e-06 0.00342163103329 0.00342163103329
2.03e-06 0.00336257972313 0.00336257972313
2.04e-06 0.00330258112842 0.00330258112842
2.05e-06 0.00324161940097 0.00324161940097
2.06e-06 0.00317967818416 0.00317967818416
2.07e-06 0.0031167410832 0.0031167410832
2.08e-06 0.003052791188 0.003052791188
2.09e-06 0.00298781155772 0.00298781155772
2.1e-06 0.00292178473368 0.00292178473368
2.11e-06 0.00285469324043 0.00285469324043
2.12e-06 0.00278651908919 0.00278651908919
2.13e-06 0.00271724429851 0.00271724429851
2.14e-06 0.00264685038952 0.00264685038952
2.15e-06 0.0025753189307 0.0025753189307
2.16e-06 0.00250263102746 0.00250263102746
2.17e-06 0.0024287678977 0.0024287678977
2.18e-06 0.00235371036143 0.00235371036143
2.19e-06 0.00227743945756 0.00227743945756
2.2e-06 0.00219993594433 0.00219993594433
2.21e-06 0.00212118097518 0.00212118097518
2.22e-06 0.00204115563096 0.00204115563096
2.23e-06 0.00195984168741 0.00195984168741
2.24e-06 0.00187722122098 0.00187722122098
2.25e-06 0.00179327753088 0.00179327753088
2.26e-06 0.00170799490554 0.00170799490554
2.27e-06 0.00162135983138 0.00162135983138
2.28e-06 0.0015333611128 0.0015333611128
2.29e-06 0.00144399166732 0.00144399166732
2.3e-06 0.00135324946392 0.00135324946392
2.31e-06 0.00126114065575 0.00126114065575
2.32e-06 0.00116768257705 0.00116768257705
2.33e-06 0.00107291034345 0.00107291034345
2.34e-06 0.0009768856969 0.0009768856969
2.35e-06 0.000879714135358 0.000879714135358
2.36e-06 0.00078157345143 0.00078157345143
2.37e-06 0.000682770228728 0.000682770228728
2.38e-06 0.000583852497381 0.000583852497381
2.39e-06 0.000485861581906 0.000485861581906
2.4e-06 0.000390940561028 0.000390940561028
2.41e-06 0.000303939838975 0.000303939838975
2.42e-06 0.000236484089009 0.000236484089009
2.43e-06 0.000211551111539 0.000211551111539
2.44e-06 0.000245372005334 0.000245372005334
2.45e-06 0.000322002780529 0.000322002780529
2.46e-06 0.000420300077426 0.000420300077426
2.47e-06 0.000529749973511 0.000529749973511
2.48e-06 0.000645934959068 0.000645934959068
