1e-12 0.0031848496046
2e-12 0.00318480966196
3e-12 0.00318474169183
4e-12 0.00318466282384
5e-12 0.00318457248009
6e-12 0.0031844727826
7e-12 0.0031843645356
8e-12 0.00318424850643
9e-12 0.00318412525238
1e-11 0.00318337419168
1.1e-11 0.00318323779691
1.2e-11 0.00318309533938
1.3e-11 0.00318294710279
1.4e-11 0.00318279333161
1.5e-11 0.00318263424262
1.6e-11 0.003182470029
1.7e-11 0.00318230086458
1.8e-11 0.00318212690682
1.9e-11 0.00318194829924
2e-11 0.00318176517336
2.1e-11 0.00318157765031
2.2e-11 0.00318076484834
2.3e-11 0.00318056887046
2.4e-11 0.0031803688085
2.5e-11 0.00318016475295
2.6e-11 0.00317995678872
2.7e-11 0.00317974499558
2.8e-11 0.0031795294487
2.9e-11 0.00317931021906
3e-11 0.00317908737383
3.1e-11 0.00317886097669
3.2e-11 0.00317801014991
3.3e-11 0.00317777683744
3.4e-11 0.00317754013988
3.5e-11 0.00317730011351
3.6e-11 0.0031770568082
3.7e-11 0.00317681027229
3.8e-11 0.00317656055182
3.9e-11 0.00317630769095
4e-11 0.00317605173204
4.1e-11 0.0031751718379
4.2e-11 0.00317490981966
4.3e-11 0.00317464482112
4.4e-11 0.00317437687859
4.5e-11 0.00317410602714
4.6e-11 0.00317383230064
4.7e-11 0.00317355573182
4.8e-11 0.00317327635231
4.9e-11 0.0031723733712
5e-11 0.00317208847489
5.1e-11 0.0031718008508
5.2e-11 0.00317151053073
5.3e-11 0.00317121754155
5.4e-11 0.00317092190997
5.5e-11 0.00317062366167
5.6e-11 0.00317032282157
5.7e-11 0.00316939866208
5.8e-11 0.00316909272973
5.9e-11 0.00316878427634
6e-11 0.00316847332412
6.1e-11 0.00316815989478
6.2e-11 0.00316784400948
6.3e-11 0.0031675256888
6.4e-11 0.00316658425866
6.5e-11 0.00316626114365
6.6e-11 0.00316593564597
6.7e-11 0.00316560778825
6.8e-11 0.0031652775886
6.9e-11 0.0031649450653
7e-11 0.00316398958342
7.1e-11 0.00316365248706
7.2e-11 0.00316331311876
7.3e-11 0.00316297149486
7.4e-11 0.00316262763141
7.5e-11 0.0031622815441
7.6e-11 0.0031619332483
7.7e-11 0.00316096218079
7.8e-11 0.00316060953172
7.9e-11 0.00316025471217
8e-11 0.00315989774024
8.1e-11 0.00315953862964
8.2e-11 0.00315917739441
8.3e-11 0.00315819352536
8.4e-11 0.00315782810523
8.5e-11 0.00315746060026
8.6e-11 0.00315709102308
8.7e-11 0.00315671938616
8.8e-11 0.00315634570169
8.9e-11 0.00315534952042
9e-11 0.00315497179757
9.1e-11 0.00315459205632
9.2e-11 0.00315421031195
9.3e-11 0.00315382657546
9.4e-11 0.0031528204353
9.5e-11 0.00315243277432
9.6e-11 0.00315204315443
9.7e-11 0.00315165158612
9.8e-11 0.00315125807972
9.9e-11 0.00315086264541
1e-10 0.00314984494265
1.01e-10 0.0031494457051
1.02e-10 0.0031490445629
1.03e-10 0.00314864152952
1.04e-10 0.00314823661414
1.05e-10 0.00314720952321
1.06e-10 0.00314680090017
1.07e-10 0.00314639042321
1.08e-10 0.00314597810117
1.09e-10 0.00314556394282
1.1e-10 0.00314514795677
1.11e-10 0.00314410993136
1.12e-10 0.00314369033973
1.13e-10 0.00314326893923
1.14e-10 0.0031428457419
1.15e-10 0.00314242075554
1.16e-10 0.00314137382442
1.17e-10 0.00314094531409
1.18e-10 0.00314051503887
1.19e-10 0.00314008300632
1.2e-10 0.003139649224
1.21e-10 0.00313859359492
1.22e-10 0.00313815636127
1.23e-10 0.00313771739352
1.24e-10 0.00313727670272
1.25e-10 0.00313683429569
1.26e-10 0.00313577013924
1.27e-10 0.00313532435249
1.28e-10 0.00313487687081
1.29e-10 0.00313442770085
1.3e-10 0.00313397684926
1.31e-10 0.0031329043494
1.32e-10 0.00313245018171
1.33e-10 0.0031319943455
1.34e-10 0.00313153685098
1.35e-10 0.00313045776651
1.36e-10 0.00312999700641
1.37e-10 0.00312953460688
1.38e-10 0.00312907057395
1.39e-10 0.00312860491363
1.4e-10 0.00312751776832
1.41e-10 0.00312704889982
1.42e-10 0.00312657841514
1.43e-10 0.0031261063239
1.44e-10 0.00312563263151
1.45e-10 0.00312453755867
1.46e-10 0.00312406071548
1.47e-10 0.00312358228835
1.48e-10 0.00312310228263
1.49e-10 0.003122000962
1.5e-10 0.00312151784545
1.51e-10 0.0031210331599
1.52e-10 0.00312054691446
1.53e-10 0.00312005911403
1.54e-10 0.00311895010723
1.55e-10 0.0031184592481
1.56e-10 0.00311796684967
1.57e-10 0.00311747291683
1.58e-10 0.00311635784649
1.59e-10 0.00311586089103
1.6e-10 0.00311536240933
1.61e-10 0.00311486241003
1.62e-10 0.00311374134111
1.63e-10 0.00311323835697
1.64e-10 0.00311273386947
1.65e-10 0.00311222788316
1.66e-10 0.00311172040258
1.67e-10 0.00311059196977
1.68e-10 0.00311008154692
1.69e-10 0.00310956963671
1.7e-10 0.00310905624742
1.71e-10 0.00310792197737
1.72e-10 0.0031074056804
1.73e-10 0.00310688791742
1.74e-10 0.00310636869262
1.75e-10 0.00310522866314
1.76e-10 0.00310470656124
1.77e-10 0.00310418300357
1.78e-10 0.00310365799807
1.79e-10 0.00310251226277
1.8e-10 0.00310198441241
1.81e-10 0.00310145512644
1.82e-10 0.00310092440877
1.83e-10 0.00309977304077
1.84e-10 0.00309923950653
1.85e-10 0.00309870454577
1.86e-10 0.0030981681662
1.87e-10 0.00309701121461
1.88e-10 0.00309647204851
1.89e-10 0.00309593147501
1.9e-10 0.00309538949774
1.91e-10 0.00309422703143
1.92e-10 0.00309368229384
1.93e-10 0.00309313615692
1.94e-10 0.00309258862812
1.95e-10 0.00309142069208
1.96e-10 0.00309087043102
1.97e-10 0.00309031878878
1.98e-10 0.00308976576874
1.99e-10 0.00308859242799
2e-10 0.00308803670003
2.01e-10 0.00308747959801
2.02e-10 0.00308692112918
2.03e-10 0.00308574242503
2.04e-10 0.00308518127454
2.05e-10 0.00308461876728
2.06e-10 0.00308405490642
2.07e-10 0.00308287090037
2.08e-10 0.00308230438047
2.09e-10 0.0030817365101
2.1e-10 0.00308116729628
2.11e-10 0.00307997802629
2.12e-10 0.00307940617807
2.13e-10 0.00307883299586
2.14e-10 0.00307763980095
2.15e-10 0.00307706399934
2.16e-10 0.00307648686639
2.17e-10 0.00307590840898
2.18e-10 0.00307471003121
2.19e-10 0.00307412897791
2.2e-10 0.00307354660918
2.21e-10 0.00307296292785
2.22e-10 0.00307175942323
2.23e-10 0.00307117316592
2.24e-10 0.00307058559811
2.25e-10 0.00306937825164
2.26e-10 0.00306878812411
2.27e-10 0.00306819669851
2.28e-10 0.00306760397755
2.29e-10 0.00306639157801
2.3e-10 0.00306579631621
2.31e-10 0.00306519976082
2.32e-10 0.00306460191844
2.33e-10 0.00306338449681
2.34e-10 0.00306278413464
2.35e-10 0.0030621824936
2.36e-10 0.00306096132451
2.37e-10 0.00306035717602
2.38e-10 0.00305975174999
2.39e-10 0.00305914505288
2.4e-10 0.00305791893041
2.41e-10 0.00305730974595
2.42e-10 0.00305669929818
2.43e-10 0.00305546947874
2.44e-10 0.00305485655524
2.45e-10 0.0030542423694
2.46e-10 0.00305362692757
2.47e-10 0.0030523922201
2.48e-10 0.0030517743217
2.49e-10 0.00305115517475
2.5e-10 0.00304991681836
2.51e-10 0.0030492952258
2.52e-10 0.0030486723853
2.53e-10 0.00304804830311
2.54e-10 0.00304680512087
2.55e-10 0.00304617861136
2.56e-10 0.00304555086728
2.57e-10 0.00304430408187
2.58e-10 0.00304367392078
2.59e-10 0.00304304252541
2.6e-10 0.00304179214591
2.61e-10 0.00304115834638
2.62e-10 0.00304052332334
2.63e-10 0.00303988707891
2.64e-10 0.00303863196719
2.65e-10 0.00303799333297
2.66e-10 0.00303735347745
2.67e-10 0.00303609481435
2.68e-10 0.00303545258128
2.69e-10 0.00303480913739
2.7e-10 0.00303354694907
2.71e-10 0.00303290113697
2.72e-10 0.00303225411391
2.73e-10 0.00303160588591
2.74e-10 0.00303033903267
2.75e-10 0.00302968845277
2.76e-10 0.00302903667426
2.77e-10 0.00302776633658
2.78e-10 0.00302711221496
2.79e-10 0.00302645689426
2.8e-10 0.00302518307888
2.81e-10 0.00302452542639
2.82e-10 0.00302386658485
2.83e-10 0.00302258931654
2.84e-10 0.00302192815164
2.85e-10 0.00302126579707
2.86e-10 0.00302060225871
2.87e-10 0.00301932041915
2.88e-10 0.00301865457252
2.89e-10 0.00301798754801
2.9e-10 0.00301670229313
2.91e-10 0.00301603296825
2.92e-10 0.00301536246456
2.93e-10 0.00301407379977
2.94e-10 0.00301340100617
2.95e-10 0.00301272704336
2.96e-10 0.00301143499218
2.97e-10 0.00301075874704
2.98e-10 0.00301008133165
2.99e-10 0.00300878589948
3e-10 0.00300810621201
3.01e-10 0.00300742536378
3.02e-10 0.00300612657373
3.03e-10 0.00300544346069
3.04e-10 0.00300475918569
3.05e-10 0.0030034570427
3.06e-10 0.00300277051284
3.07e-10 0.00300208283034
3.08e-10 0.00300077735706
3.09e-10 0.00300008742664
3.1e-10 0.00299939634223
3.11e-10 0.00299808754311
3.12e-10 0.0029973942204
3.13e-10 0.00299669975287
3.14e-10 0.0029960041421
3.15e-10 0.00299469095865
3.16e-10 0.00299399311959
3.17e-10 0.00299329413572
3.18e-10 0.00299197765771
3.19e-10 0.0029912764546
3.2e-10 0.00299057411561
3.21e-10 0.00298925436449
3.22e-10 0.00298854981243
3.23e-10 0.00298784412274
3.24e-10 0.00298652110181
3.25e-10 0.00298581320794
3.26e-10 0.00298510418527
3.27e-10 0.00298377791566
3.28e-10 0.00298306669476
3.29e-10 0.00298235434317
3.3e-10 0.00298102482779
3.31e-10 0.00298031028661
3.32e-10 0.00297897860347
3.33e-10 0.0029782618753
3.34e-10 0.00297754402171
3.35e-10 0.0029762091112
3.36e-10 0.0029754890792
3.37e-10 0.00297476793045
3.38e-10 0.0029734298133
3.39e-10 0.00297270649172
3.4e-10 0.00297198205131
3.41e-10 0.00297064072982
3.42e-10 0.0029699141248
3.43e-10 0.00296918640946
3.44e-10 0.00296784190377
3.45e-10 0.00296711202905
3.46e-10 0.00296638104176
3.47e-10 0.0029650333537
3.48e-10 0.00296430021498
3.49e-10 0.00296356597205
3.5e-10 0.00296221512135
3.51e-10 0.00296147873195
3.52e-10 0.00296074123597
3.53e-10 0.00295938722404
3.54e-10 0.00295864758927
3.55e-10 0.00295790685616
3.56e-10 0.00295654970235
3.57e-10 0.00295580683517
3.58e-10 0.00295444756928
3.59e-10 0.002953702569
3.6e-10 0.00295295647433
3.61e-10 0.00295159408208
3.62e-10 0.0029508458625
3.63e-10 0.00295009654634
3.64e-10 0.00294873102869
3.65e-10 0.0029479795951
3.66e-10 0.00294722707305
3.67e-10 0.00294585844901
3.68e-10 0.00294510381393
3.69e-10 0.00294434808769
3.7e-10 0.00294297635777
3.71e-10 0.0029422185256
3.72e-10 0.00294084472168
3.73e-10 0.00294008478514
3.74e-10 0.00293932376142
3.75e-10 0.00293794686613
3.76e-10 0.00293718374506
3.77e-10 0.00293641954475
3.78e-10 0.00293503957658
3.79e-10 0.00293427328297
3.8e-10 0.00293350590722
3.81e-10 0.00293212286612
3.82e-10 0.00293135340379
3.83e-10 0.00292996831084
3.84e-10 0.00292919676327
3.85e-10 0.00292842413722
3.86e-10 0.00292703598495
3.87e-10 0.00292626128031
3.88e-10 0.00292548550499
3.89e-10 0.00292409431135
3.9e-10 0.00292331646112
3.91e-10 0.00292192322294
3.92e-10 0.00292114329804
3.93e-10 0.00292036230552
3.94e-10 0.00291896603883
3.95e-10 0.00291818297879
3.96e-10 0.00291739884834
3.97e-10 0.00291599955246
3.98e-10 0.0029152133609
3.99e-10 0.00291381204275
4e-10 0.00291302379115
4.01e-10 0.00291223447247
4.02e-10 0.00291083013777
4.03e-10 0.00291003876527
4.04e-10 0.00290924633328
4.05e-10 0.00290783899936
4.06e-10 0.00290704451677
4.07e-10 0.0029056351667
4.08e-10 0.00290483863345
4.09e-10 0.00290404104339
4.1e-10 0.00290262870582
4.11e-10 0.00290182907179
4.12e-10 0.00290102837793
4.13e-10 0.00289961305146
4.14e-10 0.00289881031959
4.15e-10 0.00289739299808
4.16e-10 0.00289658822895
4.17e-10 0.00289578240296
4.18e-10 0.00289436210408
4.19e-10 0.00289355424662
4.2e-10 0.00289213196053
4.21e-10 0.0028913220723
4.22e-10 0.00289051113007
4.23e-10 0.00288908587791
4.24e-10 0.00288827291058
4.25e-10 0.00288745889658
4.26e-10 0.00288603069489
4.27e-10 0.00288521465845
4.28e-10 0.00288378447418
4.29e-10 0.00288296641486
4.3e-10 0.0028821473111
4.31e-10 0.00288071418764
4.32e-10 0.00287989306714
4.33e-10 0.00287845796814
4.34e-10 0.00287763483051
4.35e-10 0.00287681065098
4.36e-10 0.00287537262309
4.37e-10 0.00287454643255
4.38e-10 0.00287310643616
4.39e-10 0.00287227823417
4.4e-10 0.00287144899276
4.41e-10 0.00287000607762
4.42e-10 0.00286917483079
4.43e-10 0.00286772995405
4.44e-10 0.0028668967013
4.45e-10 0.00286606241152
4.46e-10 0.00286461462593
4.47e-10 0.00286377833617
4.48e-10 0.0028623285957
4.49e-10 0.00286149030536
4.5e-10 0.00286065098032
4.51e-10 0.00285919834064
4.52e-10 0.00285835702086
4.53e-10 0.00285690243286
4.54e-10 0.00285605911768
4.55e-10 0.00285521477002
4.56e-10 0.00285375729218
4.57e-10 0.00285291095485
4.58e-10 0.00285145153505
4.59e-10 0.00285060320732
4.6e-10 0.00284975384925
4.61e-10 0.00284829154872
4.62e-10 0.00284744020586
4.63e-10 0.00284597596958
4.64e-10 0.00284512264114
4.65e-10 0.0028442682844
4.66e-10 0.00284280117623
4.67e-10 0.00284194483943
4.68e-10 0.00284047580153
4.69e-10 0.00283961748378
4.7e-10 0.00283814652599
4.71e-10 0.00283728623065
4.72e-10 0.0028364249044
4.73e-10 0.00283495107684
4.74e-10 0.0028340877781
4.75e-10 0.00283261203677
4.76e-10 0.00283174676553
4.77e-10 0.00283088046538
4.78e-10 0.00282940186298
4.79e-10 0.00282853359487
4.8e-10 0.00282705308453
4.81e-10 0.00282618284832
4.82e-10 0.00282470042377
4.83e-10 0.0028238282183
4.84e-10 0.00282295499134
4.85e-10 0.00282146972561
4.86e-10 0.00282059453458
4.87e-10 0.00281910736013
4.88e-10 0.00281823020391
4.89e-10 0.00281735202786
4.9e-10 0.00281586201996
4.91e-10 0.0028149818838
4.92e-10 0.00281348997246
4.93e-10 0.002812607875
4.94e-10 0.0028111140698
4.95e-10 0.0028102300141
4.96e-10 0.0028093449354
4.97e-10 0.00280784829724
4.98e-10 0.00280696126495
4.99e-10 0.00280546273831
5e-10 0.00280457375211
5.01e-10 0.00280307333053
5.02e-10 0.00280218238909
5.03e-10 0.00280129043178
5.04e-10 0.0027997871963
5.05e-10 0.00279889328862
5.06e-10 0.00279738816316
5.07e-10 0.00279649230377
5.08e-10 0.00279498529782
5.09e-10 0.00279408748963
5.1e-10 0.00279318866213
5.11e-10 0.00279167884199
5.12e-10 0.00279077807012
5.13e-10 0.00278926637448
5.14e-10 0.00278836365777
5.15e-10 0.00278685007999
5.16e-10 0.00278594541694
5.17e-10 0.00278442996646
5.18e-10 0.00278352335991
5.19e-10 0.00278261573605
5.2e-10 0.00278109748231
5.21e-10 0.00278018791925
5.22e-10 0.00277866779765
5.23e-10 0.00277775629485
5.24e-10 0.00277623429863
5.25e-10 0.00277532085449
5.26e-10 0.00277440639977
5.27e-10 0.00277288161817
5.28e-10 0.00277196522663
5.29e-10 0.00277043857479
5.3e-10 0.00276952024482
5.31e-10 0.002767991732
5.32e-10 0.0027670714663
5.33e-10 0.00276554108562
5.34e-10 0.00276461888287
5.35e-10 0.00276369567109
5.36e-10 0.00276216251463
5.37e-10 0.00276123737032
5.38e-10 0.00275970235037
5.39e-10 0.00275877527189
5.4e-10 0.00275723839769
5.41e-10 0.00275630938766
5.42e-10 0.00275477065223
5.43e-10 0.00275383970925
5.44e-10 0.00275229912197
5.45e-10 0.00275136624877
5.46e-10 0.00275043236291
5.47e-10 0.00274888900136
5.48e-10 0.00274795318926
5.49e-10 0.00274640798016
5.5e-10 0.00274547024104
5.51e-10 0.00274392317735
5.52e-10 0.00274298350932
5.53e-10 0.00274143460023
5.54e-10 0.00274049300583
5.55e-10 0.00273894224423
5.56e-10 0.00273799872194
5.57e-10 0.00273705419362
5.58e-10 0.00273550067748
5.59e-10 0.00273455422551
5.6e-10 0.00273299886079
5.61e-10 0.00273205048334
5.62e-10 0.00273049327911
5.63e-10 0.0027295429786
5.64e-10 0.00272798392766
5.65e-10 0.00272703170249
5.66e-10 0.00272547081405
5.67e-10 0.00272451666675
5.68e-10 0.00272356150919
5.69e-10 0.00272199786605
5.7e-10 0.00272104079005
5.71e-10 0.00271947531322
5.72e-10 0.00271851631777
5.73e-10 0.00271694899997
5.74e-10 0.00271598808297
5.75e-10 0.00271441893323
5.76e-10 0.00271345609702
5.77e-10 0.00271188510798
5.78e-10 0.00271092035083
5.79e-10 0.00270934753165
5.8e-10 0.00270838085598
5.81e-10 0.00270680619935
5.82e-10 0.00270583760347
5.83e-10 0.0027048680035
5.84e-10 0.00270329061282
5.85e-10 0.00270231909659
5.86e-10 0.00270073987189
5.87e-10 0.00269976643733
5.88e-10 0.00269818538754
5.89e-10 0.00269721003687
5.9e-10 0.00269562715451
5.91e-10 0.00269464988589
5.92e-10 0.00269306518002
5.93e-10 0.00269208599576
5.94e-10 0.00269049945893
5.95e-10 0.00268951835721
5.96e-10 0.00268792999851
5.97e-10 0.00268694698166
5.98e-10 0.00268535679365
5.99e-10 0.00268437185984
6e-10 0.0026827798516
6.01e-10 0.00268179300314
6.02e-10 0.00268080514563
6.03e-10 0.00267921040565
6.04e-10 0.0026782206368
6.05e-10 0.0026766240798
6.06e-10 0.00267563239835
6.07e-10 0.00267403401671
6.08e-10 0.00267304042026
6.09e-10 0.0026714402228
6.1e-10 0.00267044471343
6.11e-10 0.00266884269247
6.12e-10 0.00266784526815
6.13e-10 0.00266624143264
6.14e-10 0.00266524209553
6.15e-10 0.00266363643782
6.16e-10 0.00266263518592
6.17e-10 0.00266102771498
6.18e-10 0.00266002455045
6.19e-10 0.00265841525862
6.2e-10 0.00265741017946
6.21e-10 0.00265579907571
6.22e-10 0.00265479208407
6.23e-10 0.00265317916072
6.24e-10 0.00265217025457
6.25e-10 0.00265055552058
6.26e-10 0.00264954470205
6.27e-10 0.00264792814971
6.28e-10 0.00264691541675
6.29e-10 0.002645297055
6.3e-10 0.00264428240972
6.31e-10 0.00264266223082
6.32e-10 0.00264164567113
6.33e-10 0.002640023684
6.34e-10 0.00263900521201
6.35e-10 0.00263738140887
6.36e-10 0.00263636102244
6.37e-10 0.00263473541222
6.38e-10 0.00263371311342
6.39e-10 0.00263208568829
6.4e-10 0.00263106147497
6.41e-10 0.00262943224382
6.42e-10 0.00262840611803
6.43e-10 0.00262677507301
6.44e-10 0.00262574703256
6.45e-10 0.00262411418254
6.46e-10 0.00262308422945
6.47e-10 0.00262144956655
6.48e-10 0.00262041769859
6.49e-10 0.00261878123166
6.5e-10 0.00261774745083
6.51e-10 0.00261610917195
6.52e-10 0.00261507347599
6.53e-10 0.00261343339399
6.54e-10 0.00261239578488
6.55e-10 0.00261075389179
6.56e-10 0.00260971436723
6.57e-10 0.00260807067188
6.58e-10 0.00260702923382
6.59e-10 0.0026053837282
6.6e-10 0.0026043403743
6.61e-10 0.00260269306721
6.62e-10 0.00260164779941
6.63e-10 0.00259999868281
6.64e-10 0.00259895149874
6.65e-10 0.00259730058141
6.66e-10 0.00259625148296
6.67e-10 0.00259459875681
6.68e-10 0.0025935477416
6.69e-10 0.00259189321541
6.7e-10 0.00259084028529
6.71e-10 0.00258918395093
6.72e-10 0.00258812910349
6.73e-10 0.00258647096971
6.74e-10 0.00258541420678
6.75e-10 0.00258375426542
6.76e-10 0.00258269558455
6.77e-10 0.00258103384433
6.78e-10 0.00257997324732
6.79e-10 0.00257830970006
6.8e-10 0.00257724718443
6.81e-10 0.00257558183883
6.82e-10 0.00257451740636
6.83e-10 0.00257285025418
6.84e-10 0.00257178390235
6.85e-10 0.0025701149523
6.86e-10 0.00256904668286
6.87e-10 0.00256737592665
6.88e-10 0.00256630573706
6.89e-10 0.00256463318337
6.9e-10 0.00256295972851
6.91e-10 0.0025618867125
6.92e-10 0.0025602114553
6.93e-10 0.00255913651899
6.94e-10 0.00255745945474
6.95e-10 0.00255638259564
6.96e-10 0.00255470373349
6.97e-10 0.00255362495351
6.98e-10 0.00255194428529
6.99e-10 0.00255086358194
7e-10 0.00254918111639
7.01e-10 0.00254809849141
7.02e-10 0.00254641422019
7.03e-10 0.002545329671
7.04e-10 0.00254364360279
7.05e-10 0.00254255713106
7.06e-10 0.00254086925745
7.07e-10 0.00253978086052
7.08e-10 0.00253809119015
7.09e-10 0.00253640062036
7.1e-10 0.0025353093907
7.11e-10 0.00253361701913
7.12e-10 0.00253252386386
7.13e-10 0.00253082968564
7.14e-10 0.00252973460216
7.15e-10 0.0025280386264
7.16e-10 0.00252694161651
7.17e-10 0.00252524383486
7.18e-10 0.00252414489594
7.19e-10 0.00252244531709
7.2e-10 0.00252134445077
7.21e-10 0.00251964306623
7.22e-10 0.00251854026978
7.23e-10 0.00251683708815
7.24e-10 0.00251513300805
7.25e-10 0.0025140273725
7.26e-10 0.00251232149017
7.27e-10 0.00251121392389
7.28e-10 0.00250950623436
7.29e-10 0.00250839673465
7.3e-10 0.00250668724697
7.31e-10 0.00250557581555
7.32e-10 0.00250386452126
7.33e-10 0.0025027511554
7.34e-10 0.00250103806315
7.35e-10 0.00249992276441
7.36e-10 0.00249820786556
7.37e-10 0.00249649207186
7.38e-10 0.00249537392617
7.39e-10 0.00249365632449
7.4e-10 0.0024925362409
7.41e-10 0.00249081684008
7.42e-10 0.00248969482029
7.43e-10 0.00248797361177
7.44e-10 0.002486849653
7.45e-10 0.00248512664539
7.46e-10 0.00248400074913
7.47e-10 0.00248227593371
7.48e-10 0.00248055022372
7.49e-10 0.00247942147432
7.5e-10 0.00247769395504
7.51e-10 0.00247656326296
7.52e-10 0.00247483394322
7.53e-10 0.00247370131011
7.54e-10 0.00247197018124
7.55e-10 0.00247083560423
7.56e-10 0.00246910267482
7.57e-10 0.00246736884775
7.58e-10 0.00246623141326
7.59e-10 0.00246449578025
7.6e-10 0.00246335640087
7.61e-10 0.00246161895672
7.62e-10 0.00246047762953
7.63e-10 0.00245873838321
7.64e-10 0.00245759510977
7.65e-10 0.00245585405256
7.66e-10 0.00245411210067
7.67e-10 0.00245296596228
7.68e-10 0.00245122219796
7.69e-10 0.002450074108
7.7e-10 0.00244832854004
7.71e-10 0.00244717850008
7.72e-10 0.0024454311197
7.73e-10 0.00244427912675
7.74e-10 0.0024425299425
7.75e-10 0.00244077986031
7.76e-10 0.00243962499753
7.77e-10 0.0024378731059
7.78e-10 0.00243671628892
7.79e-10 0.00243496258254
7.8e-10 0.00243380380831
7.81e-10 0.00243204829609
7.82e-10 0.00243088756609
7.83e-10 0.00242913023916
7.84e-10 0.00242737201709
7.85e-10 0.00242620840906
7.86e-10 0.0024244483706
7.87e-10 0.00242328280118
7.88e-10 0.00242152095506
7.89e-10 0.00242035342573
7.9e-10 0.00241858976302
7.91e-10 0.0024168252048
7.92e-10 0.00241565479174
7.93e-10 0.00241388841521
7.94e-10 0.00241271603655
7.95e-10 0.00241094785043
7.96e-10 0.00240977350761
7.97e-10 0.00240800350291
7.98e-10 0.00240623260229
7.99e-10 0.00240505536988
8e-10 0.00240328264891
8.01e-10 0.00240210344655
8.02e-10 0.00240032891395
8.03e-10 0.00239914774305
8.04e-10 0.00239737138977
8.05e-10 0.00239559414009
8.06e-10 0.00239441007352
8.07e-10 0.00239263100134
8.08e-10 0.00239144496033
8.09e-10 0.00238966407434
8.1e-10 0.00238847606028
8.11e-10 0.00238669335136
8.12e-10 0.00238490974552
8.13e-10 0.0023837188295
8.14e-10 0.00238193339886
8.15e-10 0.00238074050376
8.16e-10 0.002378953257
8.17e-10 0.00237716510957
8.18e-10 0.00237596930882
8.19e-10 0.00237417933951
8.2e-10 0.0023729815582
8.21e-10 0.00237118976141
8.22e-10 0.00236998999626
8.23e-10 0.00236819638088
8.24e-10 0.00236640186417
8.25e-10 0.00236519918668
8.26e-10 0.00236340284557
8.27e-10 0.00236219818263
8.28e-10 0.00236040001147
8.29e-10 0.00235860094143
8.3e-10 0.00235739335925
8.31e-10 0.00235559245771
8.32e-10 0.00235438288405
8.33e-10 0.00235258015973
8.34e-10 0.00235136859594
8.35e-10 0.00234956403958
8.36e-10 0.00234775858377
8.37e-10 0.00234654409419
8.38e-10 0.00234473680435
8.39e-10 0.00234352031833
8.4e-10 0.00234171120309
8.41e-10 0.00233990118453
8.42e-10 0.00233868176858
8.43e-10 0.00233686991865
8.44e-10 0.00233564850449
8.45e-10 0.00233383481743
8.46e-10 0.00233202022943
8.47e-10 0.0023307958781
8.48e-10 0.00232897945139
8.49e-10 0.00232775309555
8.5e-10 0.00232593483883
8.51e-10 0.00232411567734
8.52e-10 0.00232288638033
8.53e-10 0.00232106538285
8.54e-10 0.00231983407954
8.55e-10 0.00231801124024
8.56e-10 0.00231618749853
8.57e-10 0.00231495324669
8.58e-10 0.00231312766155
8.59e-10 0.00231189139701
8.6e-10 0.0023100639771
8.61e-10 0.00230823565091
8.62e-10 0.00230699643367
8.63e-10 0.00230516626666
8.64e-10 0.0023039250348
8.65e-10 0.00230209302108
8.66e-10 0.00230026010339
8.67e-10 0.00229901591126
8.68e-10 0.00229718114516
8.69e-10 0.00229593493186
8.7e-10 0.00229409832603
8.71e-10 0.00229226081227
8.72e-10 0.00229101163432
8.73e-10 0.00228917227467
8.74e-10 0.0022879210735
8.75e-10 0.00228607986199
8.76e-10 0.00228423774481
8.77e-10 0.0022829835712
8.78e-10 0.0022811396004
8.79e-10 0.00227988339685
8.8e-10 0.00227803758106
8.81e-10 0.00227619085558
8.82e-10 0.00227493167499
8.83e-10 0.00227308309827
8.84e-10 0.00227182188555
8.85e-10 0.00226997145155
8.86e-10 0.00226812011006
8.87e-10 0.00226685591227
8.88e-10 0.00226500271166
8.89e-10 0.00226314860283
8.9e-10 0.0022618814155
8.91e-10 0.00226002544552
8.92e-10 0.00225875621609
8.93e-10 0.00225689839359
8.94e-10 0.0022550396588
8.95e-10 0.00225376743516
8.96e-10 0.00225190684154
8.97e-10 0.00225063257347
8.98e-10 0.00224877011489
8.99e-10 0.00224690674617
9e-10 0.00224562947563
9.01e-10 0.00224376424002
9.02e-10 0.00224189809351
9.03e-10 0.00224061781587
9.04e-10 0.00223874980035
9.05e-10 0.00223746746805
9.06e-10 0.00223559759214
9.07e-10 0.00223372680116
9.08e-10 0.00223244145682
9.09e-10 0.00223056879901
9.1e-10 0.00222869522481
9.11e-10 0.0022274068634
9.12e-10 0.00222553141992
9.13e-10 0.00222424099785
9.14e-10 0.00222236367899
9.15e-10 0.0022204854463
9.16e-10 0.00221919199885
9.17e-10 0.00221731188885
9.18e-10 0.00221543086423
9.19e-10 0.00221413438669
9.2e-10 0.00221225148258
9.21e-10 0.00221095293401
9.22e-10 0.00220906815901
9.23e-10 0.00220718246514
9.24e-10 0.00220588088128
9.25e-10 0.00220399330996
9.26e-10 0.00220210481841
9.27e-10 0.00220080019404
9.28e-10 0.00219890982246
9.29e-10 0.00219760312074
9.3e-10 0.00219571086292
9.31e-10 0.00219381768735
9.32e-10 0.00219250793647
9.33e-10 0.00219061287262
9.34e-10 0.00218871689017
9.35e-10 0.00218740408521
9.36e-10 0.00218550621216
9.37e-10 0.00218419131907
9.38e-10 0.00218229156401
9.39e-10 0.00218039088597
9.4e-10 0.00217907293325
9.41e-10 0.00217717036648
9.42e-10 0.00217526687532
9.43e-10 0.00217394585752
9.44e-10 0.00217204047491
9.45e-10 0.0021701341669
9.46e-10 0.00216881007865
9.47e-10 0.00216690187666
9.48e-10 0.0021649927483
9.49e-10 0.00216366558443
9.5e-10 0.00216175455962
9.51e-10 0.00216042529366
9.52e-10 0.0021585123661
9.53e-10 0.00215659851468
9.54e-10 0.00215526616435
9.55e-10 0.00215335040806
9.56e-10 0.00215143372702
9.57e-10 0.00215009828717
9.58e-10 0.00214817969882
9.59e-10 0.00214626018479
9.6e-10 0.00214492165032
9.61e-10 0.00214300022651
9.62e-10 0.0021410778761
9.63e-10 0.00213973624185
1e-12 0.0031848496046
2e-12 0.00318480966196
3e-12 0.00318474169183
4e-12 0.00318466282384
5e-12 0.00318457248009
6e-12 0.0031844727826
7e-12 0.0031843645356
8e-12 0.00318424850643
9e-12 0.00318412525238
1e-11 0.00318337419168
1.1e-11 0.00318323779691
1.2e-11 0.00318309533938
1.3e-11 0.00318294710279
1.4e-11 0.00318279333161
1.5e-11 0.00318263424262
1.6e-11 0.003182470029
1.7e-11 0.00318230086458
1.8e-11 0.00318212690682
1.9e-11 0.00318194829924
2e-11 0.00318176517336
2.1e-11 0.00318157765031
2.2e-11 0.00318076484834
2.3e-11 0.00318056887046
2.4e-11 0.0031803688085
2.5e-11 0.00318016475295
2.6e-11 0.00317995678872
2.7e-11 0.00317974499558
2.8e-11 0.0031795294487
2.9e-11 0.00317931021906
3e-11 0.00317908737383
3.1e-11 0.00317886097669
3.2e-11 0.00317801014991
3.3e-11 0.00317777683744
3.4e-11 0.00317754013988
3.5e-11 0.00317730011351
3.6e-11 0.0031770568082
3.7e-11 0.00317681027229
3.8e-11 0.00317656055182
3.9e-11 0.00317630769095
4e-11 0.00317605173204
4.1e-11 0.0031751718379
4.2e-11 0.00317490981966
4.3e-11 0.00317464482112
4.4e-11 0.00317437687859
4.5e-11 0.00317410602714
4.6e-11 0.00317383230064
4.7e-11 0.00317355573182
4.8e-11 0.00317327635231
4.9e-11 0.0031723733712
5e-11 0.00317208847489
5.1e-11 0.0031718008508
5.2e-11 0.00317151053073
5.3e-11 0.00317121754155
5.4e-11 0.00317092190997
5.5e-11 0.00317062366167
5.6e-11 0.00317032282157
5.7e-11 0.00316939866208
5.8e-11 0.00316909272973
5.9e-11 0.00316878427634
6e-11 0.00316847332412
6.1e-11 0.00316815989478
6.2e-11 0.00316784400948
6.3e-11 0.0031675256888
6.4e-11 0.00316658425866
6.5e-11 0.00316626114365
6.6e-11 0.00316593564597
6.7e-11 0.00316560778825
6.8e-11 0.0031652775886
6.9e-11 0.0031649450653
7e-11 0.00316398958342
7.1e-11 0.00316365248706
7.2e-11 0.00316331311876
7.3e-11 0.00316297149486
7.4e-11 0.00316262763141
7.5e-11 0.0031622815441
7.6e-11 0.0031619332483
7.7e-11 0.00316096218079
7.8e-11 0.00316060953172
7.9e-11 0.00316025471217
8e-11 0.00315989774024
8.1e-11 0.00315953862964
8.2e-11 0.00315917739441
8.3e-11 0.00315819352536
8.4e-11 0.00315782810523
8.5e-11 0.00315746060026
8.6e-11 0.00315709102308
8.7e-11 0.00315671938616
8.8e-11 0.00315634570169
8.9e-11 0.00315534952042
9e-11 0.00315497179757
9.1e-11 0.00315459205632
9.2e-11 0.00315421031195
9.3e-11 0.00315382657546
9.4e-11 0.0031528204353
9.5e-11 0.00315243277432
9.6e-11 0.00315204315443
9.7e-11 0.00315165158612
9.8e-11 0.00315125807972
9.9e-11 0.00315086264541
1e-10 0.00314984494265
1.01e-10 0.0031494457051
1.02e-10 0.0031490445629
1.03e-10 0.00314864152952
1.04e-10 0.00314823661414
1.05e-10 0.00314720952321
1.06e-10 0.00314680090017
1.07e-10 0.00314639042321
1.08e-10 0.00314597810117
1.09e-10 0.00314556394282
1.1e-10 0.00314514795677
1.11e-10 0.00314410993136
1.12e-10 0.00314369033973
1.13e-10 0.00314326893923
1.14e-10 0.0031428457419
1.15e-10 0.00314242075554
1.16e-10 0.00314137382442
1.17e-10 0.00314094531409
1.18e-10 0.00314051503887
1.19e-10 0.00314008300632
1.2e-10 0.003139649224
1.21e-10 0.00313859359492
1.22e-10 0.00313815636127
1.23e-10 0.00313771739352
1.24e-10 0.00313727670272
1.25e-10 0.00313683429569
1.26e-10 0.00313577013924
1.27e-10 0.00313532435249
1.28e-10 0.00313487687081
1.29e-10 0.00313442770085
1.3e-10 0.00313397684926
1.31e-10 0.0031329043494
1.32e-10 0.00313245018171
1.33e-10 0.0031319943455
1.34e-10 0.00313153685098
1.35e-10 0.00313045776651
1.36e-10 0.00312999700641
1.37e-10 0.00312953460688
1.38e-10 0.00312907057395
1.39e-10 0.00312860491363
1.4e-10 0.00312751776832
1.41e-10 0.00312704889982
1.42e-10 0.00312657841514
1.43e-10 0.0031261063239
1.44e-10 0.00312563263151
1.45e-10 0.00312453755867
1.46e-10 0.00312406071548
1.47e-10 0.00312358228835
1.48e-10 0.00312310228263
1.49e-10 0.003122000962
1.5e-10 0.00312151784545
1.51e-10 0.0031210331599
1.52e-10 0.00312054691446
1.53e-10 0.00312005911403
1.54e-10 0.00311895010723
1.55e-10 0.0031184592481
1.56e-10 0.00311796684967
1.57e-10 0.00311747291683
1.58e-10 0.00311635784649
1.59e-10 0.00311586089103
1.6e-10 0.00311536240933
1.61e-10 0.00311486241003
1.62e-10 0.00311374134111
1.63e-10 0.00311323835697
1.64e-10 0.00311273386947
1.65e-10 0.00311222788316
1.66e-10 0.00311172040258
1.67e-10 0.00311059196977
1.68e-10 0.00311008154692
1.69e-10 0.00310956963671
1.7e-10 0.00310905624742
1.71e-10 0.00310792197737
1.72e-10 0.0031074056804
1.73e-10 0.00310688791742
1.74e-10 0.00310636869262
1.75e-10 0.00310522866314
1.76e-10 0.00310470656124
1.77e-10 0.00310418300357
1.78e-10 0.00310365799807
1.79e-10 0.00310251226277
1.8e-10 0.00310198441241
1.81e-10 0.00310145512644
1.82e-10 0.00310092440877
1.83e-10 0.00309977304077
1.84e-10 0.00309923950653
1.85e-10 0.00309870454577
1.86e-10 0.0030981681662
1.87e-10 0.00309701121461
1.88e-10 0.00309647204851
1.89e-10 0.00309593147501
1.9e-10 0.00309538949774
1.91e-10 0.00309422703143
1.92e-10 0.00309368229384
1.93e-10 0.00309313615692
1.94e-10 0.00309258862812
1.95e-10 0.00309142069208
1.96e-10 0.00309087043102
1.97e-10 0.00309031878878
1.98e-10 0.00308976576874
1.99e-10 0.00308859242799
2e-10 0.00308803670003
2.01e-10 0.00308747959801
2.02e-10 0.00308692112918
2.03e-10 0.00308574242503
2.04e-10 0.00308518127454
2.05e-10 0.00308461876728
2.06e-10 0.00308405490642
2.07e-10 0.00308287090037
2.08e-10 0.00308230438047
2.09e-10 0.0030817365101
2.1e-10 0.00308116729628
2.11e-10 0.00307997802629
2.12e-10 0.00307940617807
2.13e-10 0.00307883299586
2.14e-10 0.00307763980095
2.15e-10 0.00307706399934
2.16e-10 0.00307648686639
2.17e-10 0.00307590840898
2.18e-10 0.00307471003121
2.19e-10 0.00307412897791
2.2e-10 0.00307354660918
2.21e-10 0.00307296292785
2.22e-10 0.00307175942323
2.23e-10 0.00307117316592
2.24e-10 0.00307058559811
2.25e-10 0.00306937825164
2.26e-10 0.00306878812411
2.27e-10 0.00306819669851
2.28e-10 0.00306760397755
2.29e-10 0.00306639157801
2.3e-10 0.00306579631621
2.31e-10 0.00306519976082
2.32e-10 0.00306460191844
2.33e-10 0.00306338449681
2.34e-10 0.00306278413464
2.35e-10 0.0030621824936
2.36e-10 0.00306096132451
2.37e-10 0.00306035717602
2.38e-10 0.00305975174999
2.39e-10 0.00305914505288
2.4e-10 0.00305791893041
2.41e-10 0.00305730974595
2.42e-10 0.00305669929818
2.43e-10 0.00305546947874
2.44e-10 0.00305485655524
2.45e-10 0.0030542423694
2.46e-10 0.00305362692757
2.47e-10 0.0030523922201
2.48e-10 0.0030517743217
2.49e-10 0.00305115517475
2.5e-10 0.00304991681836
2.51e-10 0.0030492952258
2.52e-10 0.0030486723853
2.53e-10 0.00304804830311
2.54e-10 0.00304680512087
2.55e-10 0.00304617861136
2.56e-10 0.00304555086728
2.57e-10 0.00304430408187
2.58e-10 0.00304367392078
2.59e-10 0.00304304252541
2.6e-10 0.00304179214591
2.61e-10 0.00304115834638
2.62e-10 0.00304052332334
2.63e-10 0.00303988707891
2.64e-10 0.00303863196719
2.65e-10 0.00303799333297
2.66e-10 0.00303735347745
2.67e-10 0.00303609481435
2.68e-10 0.00303545258128
2.69e-10 0.00303480913739
2.7e-10 0.00303354694907
2.71e-10 0.00303290113697
2.72e-10 0.00303225411391
2.73e-10 0.00303160588591
2.74e-10 0.00303033903267
2.75e-10 0.00302968845277
2.76e-10 0.00302903667426
2.77e-10 0.00302776633658
2.78e-10 0.00302711221496
2.79e-10 0.00302645689426
2.8e-10 0.00302518307888
2.81e-10 0.00302452542639
2.82e-10 0.00302386658485
2.83e-10 0.00302258931654
2.84e-10 0.00302192815164
2.85e-10 0.00302126579707
2.86e-10 0.00302060225871
2.87e-10 0.00301932041915
2.88e-10 0.00301865457252
2.89e-10 0.00301798754801
2.9e-10 0.00301670229313
2.91e-10 0.00301603296825
2.92e-10 0.00301536246456
2.93e-10 0.00301407379977
2.94e-10 0.00301340100617
2.95e-10 0.00301272704336
2.96e-10 0.00301143499218
2.97e-10 0.00301075874704
2.98e-10 0.00301008133165
2.99e-10 0.00300878589948
3e-10 0.00300810621201
3.01e-10 0.00300742536378
3.02e-10 0.00300612657373
3.03e-10 0.00300544346069
3.04e-10 0.00300475918569
3.05e-10 0.0030034570427
3.06e-10 0.00300277051284
3.07e-10 0.00300208283034
3.08e-10 0.00300077735706
3.09e-10 0.00300008742664
3.1e-10 0.00299939634223
3.11e-10 0.00299808754311
3.12e-10 0.0029973942204
3.13e-10 0.00299669975287
3.14e-10 0.0029960041421
3.15e-10 0.00299469095865
3.16e-10 0.00299399311959
3.17e-10 0.00299329413572
3.18e-10 0.00299197765771
3.19e-10 0.0029912764546
3.2e-10 0.00299057411561
3.21e-10 0.00298925436449
3.22e-10 0.00298854981243
3.23e-10 0.00298784412274
3.24e-10 0.00298652110181
3.25e-10 0.00298581320794
3.26e-10 0.00298510418527
3.27e-10 0.00298377791566
3.28e-10 0.00298306669476
3.29e-10 0.00298235434317
3.3e-10 0.00298102482779
3.31e-10 0.00298031028661
3.32e-10 0.00297897860347
3.33e-10 0.0029782618753
3.34e-10 0.00297754402171
3.35e-10 0.0029762091112
3.36e-10 0.0029754890792
3.37e-10 0.00297476793045
3.38e-10 0.0029734298133
3.39e-10 0.00297270649172
3.4e-10 0.00297198205131
3.41e-10 0.00297064072982
3.42e-10 0.0029699141248
3.43e-10 0.00296918640946
3.44e-10 0.00296784190377
3.45e-10 0.00296711202905
3.46e-10 0.00296638104176
3.47e-10 0.0029650333537
3.48e-10 0.00296430021498
3.49e-10 0.00296356597205
3.5e-10 0.00296221512135
3.51e-10 0.00296147873195
3.52e-10 0.00296074123597
3.53e-10 0.00295938722404
3.54e-10 0.00295864758927
3.55e-10 0.00295790685616
3.56e-10 0.00295654970235
3.57e-10 0.00295580683517
3.58e-10 0.00295444756928
3.59e-10 0.002953702569
3.6e-10 0.00295295647433
3.61e-10 0.00295159408208
3.62e-10 0.0029508458625
3.63e-10 0.00295009654634
3.64e-10 0.00294873102869
3.65e-10 0.0029479795951
3.66e-10 0.00294722707305
3.67e-10 0.00294585844901
3.68e-10 0.00294510381393
3.69e-10 0.00294434808769
3.7e-10 0.00294297635777
3.71e-10 0.0029422185256
3.72e-10 0.00294084472168
3.73e-10 0.00294008478514
3.74e-10 0.00293932376142
3.75e-10 0.00293794686613
3.76e-10 0.00293718374506
3.77e-10 0.00293641954475
3.78e-10 0.00293503957658
3.79e-10 0.00293427328297
3.8e-10 0.00293350590722
3.81e-10 0.00293212286612
3.82e-10 0.00293135340379
3.83e-10 0.00292996831084
3.84e-10 0.00292919676327
3.85e-10 0.00292842413722
3.86e-10 0.00292703598495
3.87e-10 0.00292626128031
3.88e-10 0.00292548550499
3.89e-10 0.00292409431135
3.9e-10 0.00292331646112
3.91e-10 0.00292192322294
3.92e-10 0.00292114329804
3.93e-10 0.00292036230552
3.94e-10 0.00291896603883
3.95e-10 0.00291818297879
3.96e-10 0.00291739884834
3.97e-10 0.00291599955246
3.98e-10 0.0029152133609
3.99e-10 0.00291381204275
4e-10 0.00291302379115
4.01e-10 0.00291223447247
4.02e-10 0.00291083013777
4.03e-10 0.00291003876527
4.04e-10 0.00290924633328
4.05e-10 0.00290783899936
4.06e-10 0.00290704451677
4.07e-10 0.0029056351667
4.08e-10 0.00290483863345
4.09e-10 0.00290404104339
4.1e-10 0.00290262870582
4.11e-10 0.00290182907179
4.12e-10 0.00290102837793
4.13e-10 0.00289961305146
4.14e-10 0.00289881031959
4.15e-10 0.00289739299808
4.16e-10 0.00289658822895
4.17e-10 0.00289578240296
4.18e-10 0.00289436210408
4.19e-10 0.00289355424662
4.2e-10 0.00289213196053
4.21e-10 0.0028913220723
4.22e-10 0.00289051113007
4.23e-10 0.00288908587791
4.24e-10 0.00288827291058
4.25e-10 0.00288745889658
4.26e-10 0.00288603069489
4.27e-10 0.00288521465845
4.28e-10 0.00288378447418
4.29e-10 0.00288296641486
4.3e-10 0.0028821473111
4.31e-10 0.00288071418764
4.32e-10 0.00287989306714
4.33e-10 0.00287845796814
4.34e-10 0.00287763483051
4.35e-10 0.00287681065098
4.36e-10 0.00287537262309
4.37e-10 0.00287454643255
4.38e-10 0.00287310643616
4.39e-10 0.00287227823417
4.4e-10 0.00287144899276
4.41e-10 0.00287000607762
4.42e-10 0.00286917483079
4.43e-10 0.00286772995405
4.44e-10 0.0028668967013
4.45e-10 0.00286606241152
4.46e-10 0.00286461462593
4.47e-10 0.00286377833617
4.48e-10 0.0028623285957
4.49e-10 0.00286149030536
4.5e-10 0.00286065098032
4.51e-10 0.00285919834064
4.52e-10 0.00285835702086
4.53e-10 0.00285690243286
4.54e-10 0.00285605911768
4.55e-10 0.00285521477002
4.56e-10 0.00285375729218
4.57e-10 0.00285291095485
4.58e-10 0.00285145153505
4.59e-10 0.00285060320732
4.6e-10 0.00284975384925
4.61e-10 0.00284829154872
4.62e-10 0.00284744020586
4.63e-10 0.00284597596958
4.64e-10 0.00284512264114
4.65e-10 0.0028442682844
4.66e-10 0.00284280117623
4.67e-10 0.00284194483943
4.68e-10 0.00284047580153
4.69e-10 0.00283961748378
4.7e-10 0.00283814652599
4.71e-10 0.00283728623065
4.72e-10 0.0028364249044
4.73e-10 0.00283495107684
4.74e-10 0.0028340877781
4.75e-10 0.00283261203677
4.76e-10 0.00283174676553
4.77e-10 0.00283088046538
4.78e-10 0.00282940186298
4.79e-10 0.00282853359487
4.8e-10 0.00282705308453
4.81e-10 0.00282618284832
4.82e-10 0.00282470042377
4.83e-10 0.0028238282183
4.84e-10 0.00282295499134
4.85e-10 0.00282146972561
4.86e-10 0.00282059453458
4.87e-10 0.00281910736013
4.88e-10 0.00281823020391
4.89e-10 0.00281735202786
4.9e-10 0.00281586201996
4.91e-10 0.0028149818838
4.92e-10 0.00281348997246
4.93e-10 0.002812607875
4.94e-10 0.0028111140698
4.95e-10 0.0028102300141
4.96e-10 0.0028093449354
4.97e-10 0.00280784829724
4.98e-10 0.00280696126495
4.99e-10 0.00280546273831
5e-10 0.00280457375211
5.01e-10 0.00280307333053
5.02e-10 0.00280218238909
5.03e-10 0.00280129043178
5.04e-10 0.0027997871963
5.05e-10 0.00279889328862
5.06e-10 0.00279738816316
5.07e-10 0.00279649230377
5.08e-10 0.00279498529782
5.09e-10 0.00279408748963
5.1e-10 0.00279318866213
5.11e-10 0.00279167884199
5.12e-10 0.00279077807012
5.13e-10 0.00278926637448
5.14e-10 0.00278836365777
5.15e-10 0.00278685007999
5.16e-10 0.00278594541694
5.17e-10 0.00278442996646
5.18e-10 0.00278352335991
5.19e-10 0.00278261573605
5.2e-10 0.00278109748231
5.21e-10 0.00278018791925
5.22e-10 0.00277866779765
5.23e-10 0.00277775629485
5.24e-10 0.00277623429863
5.25e-10 0.00277532085449
5.26e-10 0.00277440639977
5.27e-10 0.00277288161817
5.28e-10 0.00277196522663
5.29e-10 0.00277043857479
5.3e-10 0.00276952024482
5.31e-10 0.002767991732
5.32e-10 0.0027670714663
5.33e-10 0.00276554108562
5.34e-10 0.00276461888287
5.35e-10 0.00276369567109
5.36e-10 0.00276216251463
5.37e-10 0.00276123737032
5.38e-10 0.00275970235037
5.39e-10 0.00275877527189
5.4e-10 0.00275723839769
5.41e-10 0.00275630938766
5.42e-10 0.00275477065223
5.43e-10 0.00275383970925
5.44e-10 0.00275229912197
5.45e-10 0.00275136624877
5.46e-10 0.00275043236291
5.47e-10 0.00274888900136
5.48e-10 0.00274795318926
5.49e-10 0.00274640798016
5.5e-10 0.00274547024104
5.51e-10 0.00274392317735
5.52e-10 0.00274298350932
5.53e-10 0.00274143460023
5.54e-10 0.00274049300583
5.55e-10 0.00273894224423
5.56e-10 0.00273799872194
5.57e-10 0.00273705419362
5.58e-10 0.00273550067748
5.59e-10 0.00273455422551
5.6e-10 0.00273299886079
5.61e-10 0.00273205048334
5.62e-10 0.00273049327911
5.63e-10 0.0027295429786
5.64e-10 0.00272798392766
5.65e-10 0.00272703170249
5.66e-10 0.00272547081405
5.67e-10 0.00272451666675
5.68e-10 0.00272356150919
5.69e-10 0.00272199786605
5.7e-10 0.00272104079005
5.71e-10 0.00271947531322
5.72e-10 0.00271851631777
5.73e-10 0.00271694899997
5.74e-10 0.00271598808297
5.75e-10 0.00271441893323
5.76e-10 0.00271345609702
5.77e-10 0.00271188510798
5.78e-10 0.00271092035083
5.79e-10 0.00270934753165
5.8e-10 0.00270838085598
5.81e-10 0.00270680619935
5.82e-10 0.00270583760347
5.83e-10 0.0027048680035
5.84e-10 0.00270329061282
5.85e-10 0.00270231909659
5.86e-10 0.00270073987189
5.87e-10 0.00269976643733
5.88e-10 0.00269818538754
5.89e-10 0.00269721003687
5.9e-10 0.00269562715451
5.91e-10 0.00269464988589
5.92e-10 0.00269306518002
5.93e-10 0.00269208599576
5.94e-10 0.00269049945893
5.95e-10 0.00268951835721
5.96e-10 0.00268792999851
5.97e-10 0.00268694698166
5.98e-10 0.00268535679365
5.99e-10 0.00268437185984
6e-10 0.0026827798516
6.01e-10 0.00268179300314
6.02e-10 0.00268080514563
6.03e-10 0.00267921040565
6.04e-10 0.0026782206368
6.05e-10 0.0026766240798
6.06e-10 0.00267563239835
6.07e-10 0.00267403401671
6.08e-10 0.00267304042026
6.09e-10 0.0026714402228
6.1e-10 0.00267044471343
6.11e-10 0.00266884269247
6.12e-10 0.00266784526815
6.13e-10 0.00266624143264
6.14e-10 0.00266524209553
6.15e-10 0.00266363643782
6.16e-10 0.00266263518592
6.17e-10 0.00266102771498
6.18e-10 0.00266002455045
6.19e-10 0.00265841525862
6.2e-10 0.00265741017946
6.21e-10 0.00265579907571
6.22e-10 0.00265479208407
6.23e-10 0.00265317916072
6.24e-10 0.00265217025457
6.25e-10 0.00265055552058
6.26e-10 0.00264954470205
6.27e-10 0.00264792814971
6.28e-10 0.00264691541675
6.29e-10 0.002645297055
6.3e-10 0.00264428240972
6.31e-10 0.00264266223082
6.32e-10 0.00264164567113
6.33e-10 0.002640023684
6.34e-10 0.00263900521201
6.35e-10 0.00263738140887
6.36e-10 0.00263636102244
6.37e-10 0.00263473541222
6.38e-10 0.00263371311342
6.39e-10 0.00263208568829
6.4e-10 0.00263106147497
6.41e-10 0.00262943224382
6.42e-10 0.00262840611803
6.43e-10 0.00262677507301
6.44e-10 0.00262574703256
6.45e-10 0.00262411418254
6.46e-10 0.00262308422945
6.47e-10 0.00262144956655
6.48e-10 0.00262041769859
6.49e-10 0.00261878123166
6.5e-10 0.00261774745083
6.51e-10 0.00261610917195
6.52e-10 0.00261507347599
6.53e-10 0.00261343339399
6.54e-10 0.00261239578488
6.55e-10 0.00261075389179
6.56e-10 0.00260971436723
6.57e-10 0.00260807067188
6.58e-10 0.00260702923382
6.59e-10 0.0026053837282
6.6e-10 0.0026043403743
6.61e-10 0.00260269306721
6.62e-10 0.00260164779941
6.63e-10 0.00259999868281
6.64e-10 0.00259895149874
6.65e-10 0.00259730058141
6.66e-10 0.00259625148296
6.67e-10 0.00259459875681
6.68e-10 0.0025935477416
6.69e-10 0.00259189321541
6.7e-10 0.00259084028529
6.71e-10 0.00258918395093
6.72e-10 0.00258812910349
6.73e-10 0.00258647096971
6.74e-10 0.00258541420678
6.75e-10 0.00258375426542
6.76e-10 0.00258269558455
6.77e-10 0.00258103384433
6.78e-10 0.00257997324732
6.79e-10 0.00257830970006
6.8e-10 0.00257724718443
6.81e-10 0.00257558183883
6.82e-10 0.00257451740636
6.83e-10 0.00257285025418
6.84e-10 0.00257178390235
6.85e-10 0.0025701149523
6.86e-10 0.00256904668286
6.87e-10 0.00256737592665
6.88e-10 0.00256630573706
6.89e-10 0.00256463318337
6.9e-10 0.00256295972851
6.91e-10 0.0025618867125
6.92e-10 0.0025602114553
6.93e-10 0.00255913651899
6.94e-10 0.00255745945474
6.95e-10 0.00255638259564
6.96e-10 0.00255470373349
6.97e-10 0.00255362495351
6.98e-10 0.00255194428529
6.99e-10 0.00255086358194
7e-10 0.00254918111639
7.01e-10 0.00254809849141
7.02e-10 0.00254641422019
7.03e-10 0.002545329671
7.04e-10 0.00254364360279
7.05e-10 0.00254255713106
7.06e-10 0.00254086925745
7.07e-10 0.00253978086052
7.08e-10 0.00253809119015
7.09e-10 0.00253640062036
7.1e-10 0.0025353093907
7.11e-10 0.00253361701913
7.12e-10 0.00253252386386
7.13e-10 0.00253082968564
7.14e-10 0.00252973460216
7.15e-10 0.0025280386264
7.16e-10 0.00252694161651
7.17e-10 0.00252524383486
7.18e-10 0.00252414489594
7.19e-10 0.00252244531709
7.2e-10 0.00252134445077
7.21e-10 0.00251964306623
7.22e-10 0.00251854026978
7.23e-10 0.00251683708815
7.24e-10 0.00251513300805
7.25e-10 0.0025140273725
7.26e-10 0.00251232149017
7.27e-10 0.00251121392389
7.28e-10 0.00250950623436
7.29e-10 0.00250839673465
7.3e-10 0.00250668724697
7.31e-10 0.00250557581555
7.32e-10 0.00250386452126
7.33e-10 0.0025027511554
7.34e-10 0.00250103806315
7.35e-10 0.00249992276441
7.36e-10 0.00249820786556
7.37e-10 0.00249649207186
7.38e-10 0.00249537392617
7.39e-10 0.00249365632449
7.4e-10 0.0024925362409
7.41e-10 0.00249081684008
7.42e-10 0.00248969482029
7.43e-10 0.00248797361177
7.44e-10 0.002486849653
7.45e-10 0.00248512664539
7.46e-10 0.00248400074913
7.47e-10 0.00248227593371
7.48e-10 0.00248055022372
7.49e-10 0.00247942147432
7.5e-10 0.00247769395504
7.51e-10 0.00247656326296
7.52e-10 0.00247483394322
7.53e-10 0.00247370131011
7.54e-10 0.00247197018124
7.55e-10 0.00247083560423
7.56e-10 0.00246910267482
7.57e-10 0.00246736884775
7.58e-10 0.00246623141326
7.59e-10 0.00246449578025
7.6e-10 0.00246335640087
7.61e-10 0.00246161895672
7.62e-10 0.00246047762953
7.63e-10 0.00245873838321
7.64e-10 0.00245759510977
7.65e-10 0.00245585405256
7.66e-10 0.00245411210067
7.67e-10 0.00245296596228
7.68e-10 0.00245122219796
7.69e-10 0.002450074108
7.7e-10 0.00244832854004
7.71e-10 0.00244717850008
7.72e-10 0.0024454311197
7.73e-10 0.00244427912675
7.74e-10 0.0024425299425
7.75e-10 0.00244077986031
7.76e-10 0.00243962499753
7.77e-10 0.0024378731059
7.78e-10 0.00243671628892
7.79e-10 0.00243496258254
7.8e-10 0.00243380380831
7.81e-10 0.00243204829609
7.82e-10 0.00243088756609
7.83e-10 0.00242913023916
7.84e-10 0.00242737201709
7.85e-10 0.00242620840906
7.86e-10 0.0024244483706
7.87e-10 0.00242328280118
7.88e-10 0.00242152095506
7.89e-10 0.00242035342573
7.9e-10 0.00241858976302
7.91e-10 0.0024168252048
7.92e-10 0.00241565479174
7.93e-10 0.00241388841521
7.94e-10 0.00241271603655
7.95e-10 0.00241094785043
7.96e-10 0.00240977350761
7.97e-10 0.00240800350291
7.98e-10 0.00240623260229
7.99e-10 0.00240505536988
8e-10 0.00240328264891
8.01e-10 0.00240210344655
8.02e-10 0.00240032891395
8.03e-10 0.00239914774305
8.04e-10 0.00239737138977
8.05e-10 0.00239559414009
8.06e-10 0.00239441007352
8.07e-10 0.00239263100134
8.08e-10 0.00239144496033
8.09e-10 0.00238966407434
8.1e-10 0.00238847606028
8.11e-10 0.00238669335136
8.12e-10 0.00238490974552
8.13e-10 0.0023837188295
8.14e-10 0.00238193339886
8.15e-10 0.00238074050376
8.16e-10 0.002378953257
8.17e-10 0.00237716510957
8.18e-10 0.00237596930882
8.19e-10 0.00237417933951
8.2e-10 0.0023729815582
8.21e-10 0.00237118976141
8.22e-10 0.00236998999626
8.23e-10 0.00236819638088
8.24e-10 0.00236640186417
8.25e-10 0.00236519918668
8.26e-10 0.00236340284557
8.27e-10 0.00236219818263
8.28e-10 0.00236040001147
8.29e-10 0.00235860094143
8.3e-10 0.00235739335925
8.31e-10 0.00235559245771
8.32e-10 0.00235438288405
8.33e-10 0.00235258015973
8.34e-10 0.00235136859594
8.35e-10 0.00234956403958
8.36e-10 0.00234775858377
8.37e-10 0.00234654409419
8.38e-10 0.00234473680435
8.39e-10 0.00234352031833
8.4e-10 0.00234171120309
8.41e-10 0.00233990118453
8.42e-10 0.00233868176858
8.43e-10 0.00233686991865
8.44e-10 0.00233564850449
8.45e-10 0.00233383481743
8.46e-10 0.00233202022943
8.47e-10 0.0023307958781
8.48e-10 0.00232897945139
8.49e-10 0.00232775309555
8.5e-10 0.00232593483883
8.51e-10 0.00232411567734
8.52e-10 0.00232288638033
8.53e-10 0.00232106538285
8.54e-10 0.00231983407954
8.55e-10 0.00231801124024
8.56e-10 0.00231618749853
8.57e-10 0.00231495324669
8.58e-10 0.00231312766155
8.59e-10 0.00231189139701
8.6e-10 0.0023100639771
8.61e-10 0.00230823565091
8.62e-10 0.00230699643367
8.63e-10 0.00230516626666
8.64e-10 0.0023039250348
8.65e-10 0.00230209302108
8.66e-10 0.00230026010339
8.67e-10 0.00229901591126
8.68e-10 0.00229718114516
8.69e-10 0.00229593493186
8.7e-10 0.00229409832603
8.71e-10 0.00229226081227
8.72e-10 0.00229101163432
8.73e-10 0.00228917227467
8.74e-10 0.0022879210735
8.75e-10 0.00228607986199
8.76e-10 0.00228423774481
8.77e-10 0.0022829835712
8.78e-10 0.0022811396004
8.79e-10 0.00227988339685
8.8e-10 0.00227803758106
8.81e-10 0.00227619085558
8.82e-10 0.00227493167499
8.83e-10 0.00227308309827
8.84e-10 0.00227182188555
8.85e-10 0.00226997145155
8.86e-10 0.00226812011006
8.87e-10 0.00226685591227
8.88e-10 0.00226500271166
8.89e-10 0.00226314860283
8.9e-10 0.0022618814155
8.91e-10 0.00226002544552
8.92e-10 0.00225875621609
8.93e-10 0.00225689839359
8.94e-10 0.0022550396588
8.95e-10 0.00225376743516
8.96e-10 0.00225190684154
8.97e-10 0.00225063257347
8.98e-10 0.00224877011489
8.99e-10 0.00224690674617
9e-10 0.00224562947563
9.01e-10 0.00224376424002
9.02e-10 0.00224189809351
9.03e-10 0.00224061781587
9.04e-10 0.00223874980035
9.05e-10 0.00223746746805
9.06e-10 0.00223559759214
9.07e-10 0.00223372680116
9.08e-10 0.00223244145682
9.09e-10 0.00223056879901
9.1e-10 0.00222869522481
9.11e-10 0.0022274068634
9.12e-10 0.00222553141992
9.13e-10 0.00222424099785
9.14e-10 0.00222236367899
9.15e-10 0.0022204854463
9.16e-10 0.00221919199885
9.17e-10 0.00221731188885
9.18e-10 0.00221543086423
9.19e-10 0.00221413438669
9.2e-10 0.00221225148258
9.21e-10 0.00221095293401
9.22e-10 0.00220906815901
9.23e-10 0.00220718246514
9.24e-10 0.00220588088128
9.25e-10 0.00220399330996
9.26e-10 0.00220210481841
9.27e-10 0.00220080019404
9.28e-10 0.00219890982246
9.29e-10 0.00219760312074
9.3e-10 0.00219571086292
9.31e-10 0.00219381768735
9.32e-10 0.00219250793647
9.33e-10 0.00219061287262
9.34e-10 0.00218871689017
9.35e-10 0.00218740408521
9.36e-10 0.00218550621216
9.37e-10 0.00218419131907
9.38e-10 0.00218229156401
9.39e-10 0.00218039088597
9.4e-10 0.00217907293325
9.41e-10 0.00217717036648
9.42e-10 0.00217526687532
9.43e-10 0.00217394585752
9.44e-10 0.00217204047491
9.45e-10 0.0021701341669
9.46e-10 0.00216881007865
9.47e-10 0.00216690187666
9.48e-10 0.0021649927483
9.49e-10 0.00216366558443
9.5e-10 0.00216175455962
9.51e-10 0.00216042529366
9.52e-10 0.0021585123661
9.53e-10 0.00215659851468
9.54e-10 0.00215526616435
9.55e-10 0.00215335040806
9.56e-10 0.00215143372702
9.57e-10 0.00215009828717
9.58e-10 0.00214817969882
9.59e-10 0.00214626018479
9.6e-10 0.00214492165032
9.61e-10 0.00214300022651
9.62e-10 0.0021410778761
9.63e-10 0.00213973624185
9.64e-10 0.0021378119792
9.65e-10 0.00213646822445
9.66e-10 0.00213454205809
9.67e-10 0.00213261496058
9.68e-10 0.0021312681
9.69e-10 0.00212933909185
9.7e-10 0.00212740915103
9.71e-10 0.00212605917881
9.72e-10 0.00212412732443
9.73e-10 0.00212219453626
9.74e-10 0.00212084144669
9.75e-10 0.00211890674221
9.76e-10 0.0021169711029
9.77e-10 0.0021156148904
9.78e-10 0.00211367733208
9.79e-10 0.00211173883788
9.8e-10 0.00211037949695
9.81e-10 0.00210843908107
9.82e-10 0.00210649772828
9.83e-10 0.00210513525342
9.84e-10 0.00210319197626
9.85e-10 0.00210124776116
9.86e-10 0.00209988214684
9.87e-10 0.0020979360047
9.88e-10 0.0020965682432
9.89e-10 0.00209462016744
9.9e-10 0.00209267115611
9.91e-10 0.00209130024567
9.92e-10 0.00208934929837
9.93e-10 0.00208739741449
9.94e-10 0.0020860233495
9.95e-10 0.00208406952692
9.96e-10 0.0020821147667
9.97e-10 0.00208073754156
9.98e-10 0.0020787808399
9.99e-10 0.00207682319953
1e-09 0.00207544280858
1.001e-09 0.00207348322399
1.002e-09 0.00207152269963
1.003e-09 0.00207013913716
1.004e-09 0.00206817666577
1.005e-09 0.00206621325352
1.006e-09 0.00206482651379
1.007e-09 0.0020628611517
1.008e-09 0.00206089484765
1.009e-09 0.00205950492488
1.01e-09 0.00205753666813
1.011e-09 0.00205556746831
1.012e-09 0.00205417435667
1.013e-09 0.00205220320129
1.014e-09 0.00205023110172
1.015e-09 0.00204883479533
1.016e-09 0.0020468607373
1.017e-09 0.00204488573394
1.018e-09 0.0020434862269
1.019e-09 0.00204150926216
1.02e-09 0.00203953135094
1.021e-09 0.00203812863728
1.022e-09 0.00203614876174
1.023e-09 0.00203416793857
1.024e-09 0.00203276201228
1.025e-09 0.0020307792218
1.026e-09 0.00202879548253
1.027e-09 0.00202681079029
1.028e-09 0.00202540062481
1.029e-09 0.00202341396575
1.03e-09 0.0020214263521
1.031e-09 0.00202001296011
1.032e-09 0.00201802337661
1.033e-09 0.00201603283732
1.034e-09 0.00201461621261
1.035e-09 0.00201262370039
1.036e-09 0.00201063023117
1.037e-09 0.00200921036752
1.038e-09 0.00200721492228
1.039e-09 0.0020052185188
1.04e-09 0.00200379540995
1.041e-09 0.00200179702734
1.042e-09 0.00199979768526
1.043e-09 0.0019983713249
1.044e-09 0.00199637000054
1.045e-09 0.00199436771545
1.046e-09 0.00199293809723
1.047e-09 0.0019909338267
1.048e-09 0.00198892859417
1.049e-09 0.00198692239798
1.05e-09 0.00198548848209
1.051e-09 0.00198348029001
1.052e-09 0.00198147113776
1.053e-09 0.00198003394615
1.054e-09 0.00197802279515
1.055e-09 0.00197601068289
1.056e-09 0.00197457021004
1.057e-09 0.0019725560961
1.058e-09 0.00197054101973
1.059e-09 0.00196909725943
1.06e-09 0.00196708017826
1.061e-09 0.00196506213343
1.062e-09 0.00196361507929
1.063e-09 0.00196159502645
1.064e-09 0.00195957400867
1.065e-09 0.0019575520217
1.066e-09 0.00195610062198
1.067e-09 0.00195407662721
1.068e-09 0.00195205166148
1.069e-09 0.00195059695293
1.07e-09 0.00194856997607
1.071e-09 0.00194654202692
1.072e-09 0.00194508400279
1.073e-09 0.00194305403912
1.074e-09 0.00194102310179
1.075e-09 0.0019395617553
1.076e-09 0.00193752880005
1.077e-09 0.00193549486977
1.078e-09 0.00193345996276
1.079e-09 0.00193199423397
1.08e-09 0.00192995729819
1.081e-09 0.00192791938911
1.082e-09 0.00192645031906
1.083e-09 0.00192441037809
1.084e-09 0.00192236946263
1.085e-09 0.00192089704534
1.086e-09 0.00191885409481
1.087e-09 0.0019168101685
1.088e-09 0.00191476526212
1.089e-09 0.00191328842946
1.09e-09 0.00191124148813
1.091e-09 0.00190919356487
1.092e-09 0.00190771336952
1.093e-09 0.00190566340783
1.094e-09 0.0019036124628
1.095e-09 0.00190156053272
1.096e-09 0.00190007590215
1.097e-09 0.00189802192259
1.098e-09 0.00189596696137
1.099e-09 0.00189447894865
1.1e-09 0.0018924219347
1.101e-09 0.00189036393786
1.102e-09 0.00188887253677
1.103e-09 0.00188681248389
1.104e-09 0.00188475144675
1.105e-09 0.00188268942105
1.106e-09 0.0018811935506
1.107e-09 0.00187912946882
1.108e-09 0.00187706439654
1.109e-09 0.00187556512169
1.11e-09 0.0018734979897
1.111e-09 0.00187142986573
1.112e-09 0.00186936074805
1.113e-09 0.00186785698321
1.114e-09 0.00186578579452
1.115e-09 0.00186371361548
1.116e-09 0.00186220642612
1.117e-09 0.00186013217267
1.118e-09 0.00185805692756
1.119e-09 0.00185598068646
1.12e-09 0.00185446898113
1.121e-09 0.00185239066566
1.122e-09 0.00185031135225
1.123e-09 0.00184879620666
1.124e-09 0.00184671481518
1.125e-09 0.00184463242422
1.126e-09 0.00184254903205
1.127e-09 0.00184102934949
1.128e-09 0.00183894386778
1.129e-09 0.00183685738821
1.13e-09 0.00183476990642
1.131e-09 0.00183324566913
1.132e-09 0.00183115609789
1.133e-09 0.00182906552254
1.134e-09 0.0018275378157
1.135e-09 0.00182544514723
1.136e-09 0.00182335147312
1.137e-09 0.00182125679164
1.138e-09 0.00181972450953
1.139e-09 0.00181762772337
1.14e-09 0.00181552993317
1.141e-09 0.00181343113458
1.142e-09 0.00181189425922
1.143e-09 0.00180979335597
1.144e-09 0.00180769144238
1.145e-09 0.00180615106778
1.146e-09 0.00180404704577
1.147e-09 0.00180194201187
1.148e-09 0.00179983596433
1.149e-09 0.00179829097547
1.15e-09 0.0017961828078
1.151e-09 0.0017940736298
1.152e-09 0.00179196343708
1.153e-09 0.00179041381568
1.154e-09 0.00178830150277
1.155e-09 0.00178618817315
1.156e-09 0.00178463502218
1.157e-09 0.00178251956851
1.158e-09 0.00178040309653
1.159e-09 0.00177828560448
1.16e-09 0.00177672779941
1.161e-09 0.00177460817143
1.162e-09 0.00177248752667
1.163e-09 0.00177036586072
1.164e-09 0.00176880338292
1.165e-09 0.00176667958087
1.166e-09 0.00176455475558
1.167e-09 0.00176242890529
1.168e-09 0.00176086174323
1.169e-09 0.00175873374502
1.17e-09 0.00175660472513
1.171e-09 0.00175447467913
1.172e-09 0.00175290281405
1.173e-09 0.00175077061994
1.174e-09 0.00174863739765
1.175e-09 0.00174706194873
1.176e-09 0.00174492657432
1.177e-09 0.00174279017006
1.178e-09 0.00174065273417
1.179e-09 0.00173907255985
1.18e-09 0.0017369329597
1.181e-09 0.00173479233117
1.182e-09 0.00173265066982
1.183e-09 0.00173106575088
1.184e-09 0.00172892192491
1.185e-09 0.00172677706398
1.186e-09 0.00172463116632
1.187e-09 0.0017230414907
1.188e-09 0.0017208934163
1.189e-09 0.00171874430844
1.19e-09 0.00171659416264
1.191e-09 0.00171499971097
1.192e-09 0.00171284738808
1.193e-09 0.00171069402508
1.194e-09 0.00170853962019
1.195e-09 0.00170694038027
1.196e-09 0.00170478378609
1.197e-09 0.00170262615327
1.198e-09 0.00170046747736
1.199e-09 0.00169886342959
1.2e-09 0.00169670256394
1.201e-09 0.00169454065297
1.202e-09 0.00169237769491
1.203e-09 0.00169076882689
1.204e-09 0.00168860366677
1.205e-09 0.0016864374628
1.206e-09 0.00168427021048
1.207e-09 0.00168265650234
1.208e-09 0.00168048704746
1.209e-09 0.00167831654198
1.21e-09 0.00167614498412
1.211e-09 0.00167452642324
1.212e-09 0.00167235265037
1.213e-09 0.00167017782834
1.214e-09 0.00166800195264
1.215e-09 0.00166637851889
1.216e-09 0.0016642004276
1.217e-09 0.00166202128035
1.218e-09 0.00165984107535
1.219e-09 0.00165765981335
1.22e-09 0.00165603031971
1.221e-09 0.00165384683276
1.222e-09 0.00165166228611
1.223e-09 0.00164947667803
1.224e-09 0.00164784227652
1.225e-09 0.00164565443149
1.226e-09 0.00164346552832
1.227e-09 0.00164127556248
1.228e-09 0.00163963623301
1.229e-09 0.00163744402967
1.23e-09 0.00163525076134
1.231e-09 0.00163305642623
1.232e-09 0.00163141215574
1.233e-09 0.00162921557041
1.234e-09 0.00162701792151
1.235e-09 0.00162481920445
1.236e-09 0.00162261941683
1.237e-09 0.00162096899548
1.238e-09 0.00161876694878
1.239e-09 0.00161656383485
1.24e-09 0.00161435964914
1.241e-09 0.00161270424383
1.242e-09 0.00161049779833
1.243e-09 0.00160829027868
1.244e-09 0.00160608168305
1.245e-09 0.00160442128033
1.246e-09 0.00160221041201
1.247e-09 0.0015999984709
1.248e-09 0.00159778545241
1.249e-09 0.00159557135409
1.25e-09 0.00159390473032
1.251e-09 0.00159168835025
1.252e-09 0.00158947089368
1.253e-09 0.001587252356
1.254e-09 0.00158558069093
1.255e-09 0.00158335987069
1.256e-09 0.00158113796692
1.257e-09 0.00157891497779
1.258e-09 0.00157669090408
1.259e-09 0.00157501296983
1.26e-09 0.00157278660366
1.261e-09 0.00157055915002
1.262e-09 0.00156833060714
1.263e-09 0.0015666475942
1.264e-09 0.00156441674631
1.265e-09 0.00156218481241
1.266e-09 0.00155995178791
1.267e-09 0.0015577176703
1.268e-09 0.00155602833569
1.269e-09 0.00155379190389
1.27e-09 0.00155155438233
1.271e-09 0.00154931576637
1.272e-09 0.00154762130844
1.273e-09 0.00154538037735
1.274e-09 0.00154313834937
1.275e-09 0.00154089522264
1.276e-09 0.00153865099796
1.277e-09 0.00153695016896
1.278e-09 0.00153470361902
1.279e-09 0.00153245596815
1.28e-09 0.00153020721458
1.281e-09 0.00152795735911
1.282e-09 0.00152625012915
1.283e-09 0.00152399793889
1.284e-09 0.0015217446438
1.285e-09 0.00151949024212
1.286e-09 0.0015177778263
1.287e-09 0.00151552107702
1.288e-09 0.00151326322439
1.289e-09 0.00151100426373
1.29e-09 0.00150874419253
1.291e-09 0.00150702532192
1.292e-09 0.00150476289367
1.293e-09 0.00150249935822
1.294e-09 0.00150023471086
1.295e-09 0.00149796894909
1.296e-09 0.00149624359393
1.297e-09 0.00149397546555
1.298e-09 0.00149170622607
1.299e-09 0.0014894358708
1.3e-09 0.00148716439722
1.301e-09 0.00148543252754
1.302e-09 0.00148315867773
1.303e-09 0.00148088371292
1.304e-09 0.00147860762841
1.305e-09 0.00147633042167
1.306e-09 0.00147459200728
1.307e-09 0.00147231241463
1.308e-09 0.00147003170307
1.309e-09 0.00146774986789
1.31e-09 0.00146546690653
1.311e-09 0.001463721917
1.312e-09 0.00146143656001
1.313e-09 0.00145915008017
1.314e-09 0.00145686247275
1.315e-09 0.00145457373522
1.316e-09 0.0014528221399
1.317e-09 0.00145053099694
1.318e-09 0.00144823872717
1.319e-09 0.00144594532587
1.32e-09 0.00144365079047
1.321e-09 0.0014418925585
1.322e-09 0.00143959560782
1.323e-09 0.00143729752637
1.324e-09 0.00143499830942
1.325e-09 0.00143269795438
1.326e-09 0.00143093305465
1.327e-09 0.00142863027442
1.328e-09 0.00142632635943
1.329e-09 0.00142402130494
1.33e-09 0.00142171510838
1.331e-09 0.00141994350954
1.332e-09 0.00141763487782
1.333e-09 0.00141532510733
1.334e-09 0.00141301419335
1.335e-09 0.00141070213326
1.336e-09 0.00140838892807
1.337e-09 0.00140660929567
1.338e-09 0.00140429364862
1.339e-09 0.00140197685328
1.34e-09 0.0013996589079
1.341e-09 0.0013973398133
1.342e-09 0.0013955534126
1.343e-09 0.00139323186604
1.344e-09 0.00139090916715
1.345e-09 0.00138858531416
1.346e-09 0.00138626030792
1.347e-09 0.00138446710681
1.348e-09 0.00138213963847
1.349e-09 0.00137981101376
1.35e-09 0.00137748123089
1.351e-09 0.00137515029072
1.352e-09 0.00137281818982
1.353e-09 0.00137101683548
1.354e-09 0.001368682254
1.355e-09 0.00136634651569
1.356e-09 0.00136400961581
1.357e-09 0.00136167155177
1.358e-09 0.00135986332349
1.359e-09 0.00135752276911
1.36e-09 0.00135518105401
1.361e-09 0.00135283817343
1.362e-09 0.00135049412474
1.363e-09 0.001348148909
1.364e-09 0.00134633243859
1.365e-09 0.00134398472581
1.366e-09 0.00134163584275
1.367e-09 0.00133928578767
1.368e-09 0.00133693456144
1.369e-09 0.00133458216061
1.37e-09 0.00133275740392
1.371e-09 0.00133040248742
1.372e-09 0.00132804640027
1.373e-09 0.00132568913773
1.374e-09 0.0013233306972
1.375e-09 0.00132149895404
1.376e-09 0.001319137988
1.377e-09 0.00131677584747
1.378e-09 0.00131441252765
1.379e-09 0.00131204802592
1.38e-09 0.00130968234337
1.381e-09 0.0013078422236
1.382e-09 0.00130547400885
1.383e-09 0.00130310461004
1.384e-09 0.00130073402543
1.385e-09 0.00129836225594
1.386e-09 0.0012959892981
1.387e-09 0.00129414075687
1.388e-09 0.00129176524808
1.389e-09 0.00128938855498
1.39e-09 0.00128701067278
1.391e-09 0.0012846315989
1.392e-09 0.00128225133446
1.393e-09 0.00128039431946
1.394e-09 0.00127801149776
1.395e-09 0.0012756274823
1.396e-09 0.00127324227137
1.397e-09 0.00127085586594
1.398e-09 0.00126846826251
1.399e-09 0.00126660272904
1.4e-09 0.00126421254965
1.401e-09 0.00126182117639
1.402e-09 0.00125942860449
1.403e-09 0.00125703483135
1.404e-09 0.00125463985815
1.405e-09 0.00125276575362
1.406e-09 0.00125036819826
1.407e-09 0.00124796943966
1.408e-09 0.00124556947612
1.409e-09 0.00124316830865
1.41e-09 0.00124076593377
1.411e-09 0.00123836235308
1.412e-09 0.00123647823484
1.413e-09 0.00123407205707
1.414e-09 0.00123166467046
1.415e-09 0.00122925607336
1.416e-09 0.00122684626681
1.417e-09 0.00122443524736
1.418e-09 0.00122254245514
1.419e-09 0.00122012882029
1.42e-09 0.00121771397683
1.421e-09 0.00121529792
1.422e-09 0.00121288064725
1.423e-09 0.00121046215982
1.424e-09 0.00120804245417
1.425e-09 0.0012061395233
1.426e-09 0.00120371718792
1.427e-09 0.00120129363871
1.428e-09 0.0011988688709
1.429e-09 0.00119644288197
1.43e-09 0.00119401567317
1.431e-09 0.00119210395847
1.432e-09 0.00118967411427
1.433e-09 0.00118724304716
1.434e-09 0.00118481075552
1.435e-09 0.00118237724046
1.436e-09 0.00117994249854
1.437e-09 0.0011775065315
1.438e-09 0.00117558455693
1.439e-09 0.00117314594011
1.44e-09 0.00117070609525
1.441e-09 0.00116826502081
1.442e-09 0.00116582271795
1.443e-09 0.00116337918325
1.444e-09 0.0011609344185
1.445e-09 0.00115900211729
1.446e-09 0.0011565546889
1.447e-09 0.00115410602763
1.448e-09 0.00115165613197
1.449e-09 0.00114920500314
1.45e-09 0.00114675263772
1.451e-09 0.00114429903756
1.452e-09 0.0011423563437
1.453e-09 0.00113990006636
1.454e-09 0.00113744255154
1.455e-09 0.00113498379775
1.456e-09 0.00113252380626
1.457e-09 0.00113006257368
1.458e-09 0.00112760010191
1.459e-09 0.00112564694998
1.46e-09 0.00112318178783
1.461e-09 0.00112071538383
1.462e-09 0.00111824773654
1.463e-09 0.00111577884727
1.464e-09 0.00111330871267
1.465e-09 0.00111083733469
1.466e-09 0.00110887365993
1.467e-09 0.00110639957876
1.468e-09 0.00110392425164
1.469e-09 0.00110144767719
1.47e-09 0.00109896985676
1.471e-09 0.00109649078704
1.472e-09 0.00109401047004
1.473e-09 0.00109152890241
1.474e-09 0.00108955316661
1.475e-09 0.00108706887516
1.476e-09 0.00108458333836
1.477e-09 0.00108209655166
1.478e-09 0.00107960851274
1.479e-09 0.00107711922321
1.48e-09 0.00107462867976
1.481e-09 0.0010721368845
1.482e-09 0.00107014900209
1.483e-09 0.00106765447608
1.484e-09 0.00106515869597
1.485e-09 0.00106266166053
1.486e-09 0.00106016337127
1.487e-09 0.00105766382499
1.488e-09 0.00105516302385
1.489e-09 0.0010531644121
1.49e-09 0.0010506608692
1.491e-09 0.00104815606932
1.492e-09 0.00104565001129
1.493e-09 0.0010431426967
1.494e-09 0.0010406341224
1.495e-09 0.00103812429065
1.496e-09 0.00103561319824
1.497e-09 0.00103360229652
1.498e-09 0.00103108844398
1.499e-09 0.00102857333672
1.5e-09 0.00102605697038
1.501e-09 0.00102353934282
1.502e-09 0.00102102045594
1.503e-09 0.00101850030661
1.504e-09 0.00101597889722
1.505e-09 0.00101345622467
1.506e-09 0.00101143144362
1.507e-09 0.00100890599895
1.508e-09 0.00100637929738
1.509e-09 0.00100385133466
1.51e-09 0.00100132210875
1.511e-09 0.000998791621683
1.512e-09 0.000996259870437
1.513e-09 0.000993726857553
1.514e-09 0.000991689627275
1.515e-09 0.000989153839753
1.516e-09 0.000986616789231
1.517e-09 0.000984078474879
1.518e-09 0.000981538898653
1.519e-09 0.000978998057681
1.52e-09 0.000976455954619
1.521e-09 0.000973912586563
1.522e-09 0.000971367956293
1.523e-09 0.00096931668459
1.524e-09 0.000966769270967
1.525e-09 0.000964220594218
1.526e-09 0.000961670653689
1.527e-09 0.00095911945152
1.528e-09 0.000956566984988
1.529e-09 0.00095401325694
1.53e-09 0.000951458264623
1.531e-09 0.000948902011011
1.532e-09 0.000946836620424
1.533e-09 0.000944277577237
1.534e-09 0.000941717272302
1.535e-09 0.000939155705152
1.536e-09 0.000936592878126
1.537e-09 0.000934028788675
1.538e-09 0.000931463439855
1.539e-09 0.000928896829088
1.54e-09 0.000926328959568
1.541e-09 0.000924249381607
1.542e-09 0.000921678719054
1.543e-09 0.000919106797824
1.544e-09 0.000916533617667
1.545e-09 0.000913959181152
1.546e-09 0.000911383485929
1.547e-09 0.000908806535297
1.548e-09 0.000906228326885
1.549e-09 0.000903648864136
1.55e-09 0.000901068144758
1.551e-09 0.000898972775148
1.552e-09 0.00089638925594
1.553e-09 0.000893804489066
1.554e-09 0.000891218471129
1.555e-09 0.000888631200999
1.556e-09 0.00088604268179
1.557e-09 0.000883452911371
1.558e-09 0.000880861893404
1.559e-09 0.000878269625819
1.56e-09 0.000875676112426
1.561e-09 0.000873564893958
1.562e-09 0.000870968592443
1.563e-09 0.000868371046747
1.564e-09 0.000865772257244
1.565e-09 0.000863172227157
1.566e-09 0.000860570954726
1.567e-09 0.00085796844394
1.568e-09 0.000855364693037
1.569e-09 0.000852759706176
1.57e-09 0.000850153481696
1.571e-09 0.000848026386364
1.572e-09 0.000845417377537
1.573e-09 0.000842807142051
1.574e-09 0.000840195677196
1.575e-09 0.00083758298255
1.576e-09 0.000834969062026
1.577e-09 0.000832353914213
1.578e-09 0.000829737543602
1.579e-09 0.000827119948875
1.58e-09 0.000824501134698
1.581e-09 0.00082188109988
1.582e-09 0.000819736568939
1.583e-09 0.000817113769774
1.584e-09 0.000814489762373
1.585e-09 0.000811864544533
1.586e-09 0.000809238116357
1.587e-09 0.000806610482329
1.588e-09 0.000803981641575
1.589e-09 0.000801351599183
1.59e-09 0.000798720354391
1.591e-09 0.000796087912486
1.592e-09 0.000793454272855
1.593e-09 0.000791292343529
1.594e-09 0.000788655970122
1.595e-09 0.000786018413164
1.596e-09 0.000783379671078
1.597e-09 0.000780739744614
1.598e-09 0.000778098638952
1.599e-09 0.000775456353883
1.6e-09 0.000772812895223
1.601e-09 0.000770168262899
1.602e-09 0.000767522462955
1.603e-09 0.000764875495495
1.604e-09 0.000762227366753
1.605e-09 0.000760046598861
1.606e-09 0.000757395791834
1.607e-09 0.000754743831604
1.608e-09 0.000752090721054
1.609e-09 0.000749436466
1.61e-09 0.000746781067149
1.611e-09 0.00074412453121
1.612e-09 0.000741466858981
1.613e-09 0.000738808057442
1.614e-09 0.000736148127595
1.615e-09 0.000733487076645
1.616e-09 0.000730824905802
1.617e-09 0.00072862550227
1.618e-09 0.000725960714401
1.619e-09 0.000723294826298
1.62e-09 0.000720627838353
1.621e-09 0.000717959753333
1.622e-09 0.000715290578569
1.623e-09 0.00071262031593
1.624e-09 0.000709948973475
1.625e-09 0.000707276553297
1.626e-09 0.000704603063771
1.627e-09 0.000701928507261
1.628e-09 0.000699252892423
1.629e-09 0.000696576221889
1.63e-09 0.000694357022147
1.631e-09 0.000691677837777
1.632e-09 0.000688997621618
1.633e-09 0.000686316375605
1.634e-09 0.000683634104091
1.635e-09 0.000680950816075
1.636e-09 0.000678266515071
1.637e-09 0.000675581210879
1.638e-09 0.00067289490731
1.639e-09 0.000670207614555
1.64e-09 0.000667519336772
1.641e-09 0.000664830084514
1.642e-09 0.000662139862287
1.643e-09 0.000659448681005
1.644e-09 0.000657208833257
1.645e-09 0.000654515301153
1.646e-09 0.000651820831205
1.647e-09 0.000649125431296
1.648e-09 0.000646429112374
1.649e-09 0.000643731880234
1.65e-09 0.000641033746964
1.651e-09 0.000638334718669
1.652e-09 0.000635634807941
1.653e-09 0.000632934021325
1.654e-09 0.00063023237188
1.655e-09 0.000627529866612
1.656e-09 0.000624826519055
1.657e-09 0.000622122336686
1.658e-09 0.000619417333532
1.659e-09 0.000617156500624
1.66e-09 0.00061444938365
1.661e-09 0.00061174147601
1.662e-09 0.000609032788954
1.663e-09 0.000606323336879
1.664e-09 0.000603613129051
1.665e-09 0.000600902181182
1.666e-09 0.000598190503009
1.667e-09 0.000595478110917
1.668e-09 0.000592765015262
1.669e-09 0.000590051233076
1.67e-09 0.000587336775358
1.671e-09 0.000584621659805
1.672e-09 0.000581905898085
1.673e-09 0.00057918950859
1.674e-09 0.000576472503686
1.675e-09 0.00057375490249
1.676e-09 0.000571472443636
1.677e-09 0.000568753122945
1.678e-09 0.000566033250826
1.679e-09 0.00056331284408
1.68e-09 0.000560591922803
1.681e-09 0.000557870502033
1.682e-09 0.000555148603475
1.683e-09 0.000552426242926
1.684e-09 0.000549703443068
1.685e-09 0.000546980220628
1.686e-09 0.000544256599251
1.687e-09 0.000541532596638
1.688e-09 0.000538808237438
1.689e-09 0.000536083540368
1.69e-09 0.00053335853113
1.691e-09 0.00053063322951
1.692e-09 0.000527907662315
1.693e-09 0.000525181850454
1.694e-09 0.00052288027352
1.695e-09 0.000520153371127
1.696e-09 0.000517426302305
1.697e-09 0.000514699089069
1.698e-09 0.000511971756395
1.699e-09 0.000509244334655
1.7e-09 0.000506516848986
1.701e-09 0.000503789331662
1.702e-09 0.000501061809228
1.703e-09 0.000498334315501
1.704e-09 0.000495606878558
1.705e-09 0.000492879533791
1.706e-09 0.000490152310882
1.707e-09 0.000487425246877
1.708e-09 0.000484698373149
1.709e-09 0.000481971728486
1.71e-09 0.000479245346044
1.711e-09 0.000476519266453
1.712e-09 0.000473793524753
1.713e-09 0.000471068163521
1.714e-09 0.000468752707761
1.715e-09 0.000466027399842
1.716e-09 0.000463302586481
1.717e-09 0.000460578310484
1.718e-09 0.000457854618668
1.719e-09 0.000455131553419
1.72e-09 0.000452409164711
1.721e-09 0.00044968749725
1.722e-09 0.000446966603604
1.723e-09 0.000444246531083
1.724e-09 0.000441527334942
1.725e-09 0.000438809065248
1.726e-09 0.000436091780104
1.727e-09 0.0004333755325
1.728e-09 0.000430660383554
1.729e-09 0.000427946389361
1.73e-09 0.000425233614243
1.731e-09 0.000422522117592
1.732e-09 0.000419811967137
1.733e-09 0.000417103225778
1.734e-09 0.000414395964867
1.735e-09 0.000411690251038
1.736e-09 0.000408986159499
1.737e-09 0.000406671318968
1.738e-09 0.000403969589612
1.739e-09 0.000401269694409
1.74e-09 0.000398571712877
1.741e-09 0.000395875729668
1.742e-09 0.000393181826165
1.743e-09 0.000390490092612
1.744e-09 0.000387800615223
1.745e-09 0.000385113489443
1.746e-09 0.00038242880679
1.747e-09 0.00037974666819
1.748e-09 0.000377067170821
1.749e-09 0.000374390421455
1.75e-09 0.000371716523307
1.751e-09 0.000369045589392
1.752e-09 0.000366377729373
1.753e-09 0.000363713062933
1.754e-09 0.000361051706632
1.755e-09 0.000358393787281
1.756e-09 0.000355739428812
1.757e-09 0.000353088765663
1.758e-09 0.000350441929657
1.759e-09 0.000347799063388
1.76e-09 0.000345160307128
1.761e-09 0.000342525812205
1.762e-09 0.000339895727934
1.763e-09 0.000337270214996
1.764e-09 0.000335000373232
1.765e-09 0.000332382802812
1.766e-09 0.00032977027485
1.767e-09 0.000327162966231
1.768e-09 0.000324561062226
1.769e-09 0.000321964748356
1.77e-09 0.00031937422255
1.771e-09 0.00031678968249
1.772e-09 0.000314211338892
1.773e-09 0.000311639402619
1.774e-09 0.000309074098029
1.775e-09 0.00030651565011
1.776e-09 0.000303964297827
1.777e-09 0.000301420281303
1.778e-09 0.00029888385515
1.779e-09 0.000296355275704
1.78e-09 0.000293834814336
1.781e-09 0.000291322744749
1.782e-09 0.000288819356263
1.783e-09 0.00028632494117
1.784e-09 0.000283839808003
1.785e-09 0.000281364268947
1.786e-09 0.000278898653084
1.787e-09 0.000276443293873
1.788e-09 0.000273998542357
1.789e-09 0.000271564754723
1.79e-09 0.000269142305461
1.791e-09 0.000266731575011
1.792e-09 0.000264332962869
1.793e-09 0.000261946875316
1.794e-09 0.000259573738476
1.795e-09 0.000257213986123
1.796e-09 0.00025486807268
1.797e-09 0.000252536461115
1.798e-09 0.000250219635862
1.799e-09 0.000248184897202
1.8e-09 0.00024589570062
1.801e-09 0.000243622749967
1.802e-09 0.000241366589457
1.803e-09 0.000239127783104
1.804e-09 0.000236906907591
1.805e-09 0.000234704563661
1.806e-09 0.000232521364722
1.807e-09 0.000230357949161
1.808e-09 0.00022821496879
1.809e-09 0.000226093101046
1.81e-09 0.000223993037519
1.811e-09 0.000221915495954
1.812e-09 0.000219861208859
1.813e-09 0.000217830935275
1.814e-09 0.000215825449459
1.815e-09 0.000213845552381
1.816e-09 0.000211892060473
1.817e-09 0.000209965816817
1.818e-09 0.000208067679938
1.819e-09 0.000206198534641
1.82e-09 0.000204359280841
1.821e-09 0.000202550843993
1.822e-09 0.000200774163944
1.823e-09 0.000199030204901
1.824e-09 0.000197319944297
1.825e-09 0.000195644382246
1.826e-09 0.000194004530391
1.827e-09 0.000192401420808
1.828e-09 0.000190836094819
1.829e-09 0.000189309611288
1.83e-09 0.000187823035403
1.831e-09 0.000186377446311
1.832e-09 0.000184973925864
1.833e-09 0.000183613565563
1.834e-09 0.000182297455277
1.835e-09 0.000181026689471
1.836e-09 0.000179802355921
1.837e-09 0.000178625541211
1.838e-09 0.000177497319499
1.839e-09 0.00017641875729
1.84e-09 0.000175390902303
1.841e-09 0.000174414787565
1.842e-09 0.000173491420465
1.843e-09 0.000172621786216
1.844e-09 0.000171806837211
1.845e-09 0.000171047495931
1.846e-09 0.000170344644737
1.847e-09 0.000169699128316
1.848e-09 0.00016911174406
1.849e-09 0.000168583244173
1.85e-09 0.000168114326791
1.851e-09 0.000167705637877
1.852e-09 0.000167298978929
1.853e-09 0.000167003889165
1.854e-09 0.000166770608176
1.855e-09 0.000166599543627
1.856e-09 0.000166491036328
1.857e-09 0.000166445356876
1.858e-09 0.000166462707241
1.859e-09 0.000166543217038
1.86e-09 0.000166686945727
1.861e-09 0.000166893880178
1.862e-09 0.000167163937121
1.863e-09 0.000167496962104
1.864e-09 0.000167892732141
1.865e-09 0.000168350956026
1.866e-09 0.000168871277113
1.867e-09 0.000169453274912
1.868e-09 0.000170096467901
1.869e-09 0.000170800316291
1.87e-09 0.00017156422475
1.871e-09 0.0001723875462
1.872e-09 0.000173269584326
1.873e-09 0.00017420959825
1.874e-09 0.000175206804691
1.875e-09 0.000176260383366
1.876e-09 0.000177369478673
1.877e-09 0.000178533205671
1.878e-09 0.000179750651176
1.879e-09 0.000181020880189
1.88e-09 0.000182342936312
1.881e-09 0.000183715848516
1.882e-09 0.000185138630796
1.883e-09 0.000186610289202
1.884e-09 0.000188129820686
1.885e-09 0.000189696220322
1.886e-09 0.000191308479324
1.887e-09 0.000192965592412
1.888e-09 0.000194666554999
1.889e-09 0.000196410370669
1.89e-09 0.000198196047553
1.891e-09 0.000200022605905
1.892e-09 0.000201889073693
1.893e-09 0.000203794494273
1.894e-09 0.000205737921235
1.895e-09 0.00020771842618
1.896e-09 0.000209735092864
1.897e-09 0.000211787025095
1.898e-09 0.000213873340221
1.899e-09 0.000215993177162
1.9e-09 0.000218145689289
1.901e-09 0.000220330052619
1.902e-09 0.000222545458124
1.903e-09 0.000224791120098
1.904e-09 0.000227066267965
1.905e-09 0.000229370154821
1.906e-09 0.000231702048775
1.907e-09 0.000234061241695
1.908e-09 0.000236447040123
1.909e-09 0.000238858774224
1.91e-09 0.000241295788318
1.911e-09 0.000243757450046
1.912e-09 0.000246243140543
1.913e-09 0.000248752263831
1.914e-09 0.000251284236671
1.915e-09 0.000253838498176
1.916e-09 0.000256414499366
1.917e-09 0.000259011713013
1.918e-09 0.000261629622921
1.919e-09 0.000264267734
1.92e-09 0.000266925561291
1.921e-09 0.000269602640267
1.922e-09 0.000272298515621
1.923e-09 0.000275012751797
1.924e-09 0.000277744921556
1.925e-09 0.000280494616722
1.926e-09 0.000283261436551
1.927e-09 0.00028604499869
1.928e-09 0.000288844927347
1.929e-09 0.000291660864472
1.93e-09 0.000294492457737
1.931e-09 0.000297339371922
1.932e-09 0.000300201276724
1.933e-09 0.000303077858345
1.934e-09 0.000305968807136
1.935e-09 0.000308873829372
1.936e-09 0.000311792634745
1.937e-09 0.00031472494833
1.938e-09 0.000317670497918
1.939e-09 0.00032062902617
1.94e-09 0.000323600277806
1.941e-09 0.000326584011933
1.942e-09 0.000329579989091
1.943e-09 0.000332587983761
1.944e-09 0.000335607771267
1.945e-09 0.000338639140452
1.946e-09 0.000341681880453
1.947e-09 0.000344735793529
1.948e-09 0.000347800681719
1.949e-09 0.000350876359816
1.95e-09 0.000353962641906
1.951e-09 0.000357059354495
1.952e-09 0.000360166322917
1.953e-09 0.000363283384619
1.954e-09 0.000366410375448
1.955e-09 0.000369547143071
1.956e-09 0.000372693533152
1.957e-09 0.000375849402914
1.958e-09 0.000379014607195
1.959e-09 0.000382189012147
1.96e-09 0.000385372481186
1.961e-09 0.000388564888813
1.962e-09 0.000391766106461
1.963e-09 0.000394976016443
1.964e-09 0.000398194497692
1.965e-09 0.000401421439828
1.966e-09 0.000404656728803
1.967e-09 0.000407900261079
1.968e-09 0.000411151929173
1.969e-09 0.000414411635959
1.97e-09 0.000417679280103
1.971e-09 0.000420954770483
1.972e-09 0.000424238011528
1.973e-09 0.000427528917744
1.974e-09 0.000430827398961
1.975e-09 0.000434133374966
1.976e-09 0.000437446760654
1.977e-09 0.000440767480765
1.978e-09 0.000444095454948
1.979e-09 0.000447430612593
1.98e-09 0.000450772877811
1.981e-09 0.000453724530602
1.982e-09 0.000457081068752
1.983e-09 0.000460444518752
1.984e-09 0.000463814816674
1.985e-09 0.0004671918975
1.986e-09 0.000470575704512
1.987e-09 0.000473966175388
1.988e-09 0.000477363257124
1.989e-09 0.000480766890708
1.99e-09 0.00048417702646
1.991e-09 0.000487593608544
1.992e-09 0.000491016590413
1.993e-09 0.000494445919228
1.994e-09 0.000497881551399
1.995e-09 0.000501323436918
1.996e-09 0.000504771534985
1.997e-09 0.000508225798263
1.998e-09 0.000511686188589
1.999e-09 0.000515152661149
2e-09 0.000518625180272
2.001e-09 0.000522103703523
2.002e-09 0.000525588197589
2.003e-09 0.000529078622289
2.004e-09 0.000532574946535
2.005e-09 0.000536077132275
2.006e-09 0.000539585150534
2.007e-09 0.000543098965274
2.008e-09 0.000546618549517
2.009e-09 0.000550143869133
2.01e-09 0.000553674899038
2.011e-09 0.000557211606908
2.012e-09 0.000560753969456
2.013e-09 0.000564301956072
2.014e-09 0.000567855545172
2.015e-09 0.00057141470777
2.016e-09 0.000574979423903
2.017e-09 0.000578549666125
2.018e-09 0.000582125416011
2.019e-09 0.000585706647578
2.02e-09 0.000589293343867
2.021e-09 0.000592885480282
2.022e-09 0.000596483041257
2.023e-09 0.000600086003519
2.024e-09 0.000603694352826
2.025e-09 0.000607308067164
2.026e-09 0.000610927133552
2.027e-09 0.000614551531175
2.028e-09 0.000618181248255
2.029e-09 0.000621816265115
2.03e-09 0.000625456571129
2.031e-09 0.000629102147706
2.032e-09 0.000632752985315
2.033e-09 0.000636409066402
2.034e-09 0.000640070382484
2.035e-09 0.000643736916995
2.036e-09 0.000647408662454
2.037e-09 0.000651085603239
2.038e-09 0.000654767732827
2.039e-09 0.000658455036499
2.04e-09 0.000662147508649
2.041e-09 0.000665845135419
2.042e-09 0.000669547912082
2.043e-09 0.000673255825607
2.044e-09 0.000676968872108
2.045e-09 0.000680687039343
2.046e-09 0.000684410324236
2.047e-09 0.000688138715301
2.048e-09 0.000691872210236
2.049e-09 0.000695610798283
2.05e-09 0.000699354477883
2.051e-09 0.000703103238975
2.052e-09 0.000706857080715
2.053e-09 0.000710615993712
2.054e-09 0.00071437997781
2.055e-09 0.000718149024257
2.056e-09 0.000721923133564
2.057e-09 0.000725702297595
2.058e-09 0.000729486517498
2.059e-09 0.000733275785732
2.06e-09 0.000736706172998
2.061e-09 0.000740506044672
2.062e-09 0.000744310960953
2.063e-09 0.000748120919928
2.064e-09 0.000751935916709
2.065e-09 0.000755755954326
2.066e-09 0.000759581027294
2.067e-09 0.000763411139412
2.068e-09 0.000767246285603
2.069e-09 0.000771086470188
2.07e-09 0.000774931688553
2.071e-09 0.000778781945518
2.072e-09 0.000782637236929
2.073e-09 0.000786497568091
2.074e-09 0.000790362935298
2.075e-09 0.000794233344329
2.076e-09 0.000798108791911
2.077e-09 0.000801989284286
2.078e-09 0.000805874818601
2.079e-09 0.000809765401547
2.08e-09 0.00081366103068
2.081e-09 0.00081756171313
2.082e-09 0.000821467446848
2.083e-09 0.000825378239389
2.084e-09 0.000829294089091
2.085e-09 0.000833215003922
2.086e-09 0.000837140982595
2.087e-09 0.000841072033481
2.088e-09 0.00084500815566
2.089e-09 0.000848949357893
2.09e-09 0.000852895639615
2.091e-09 0.000856847009972
2.092e-09 0.000860803468745
2.093e-09 0.000864765025452
2.094e-09 0.000868731680211
2.095e-09 0.000872358719525
2.096e-09 0.000876336150051
2.097e-09 0.000880318698124
2.098e-09 0.000884306369187
2.099e-09 0.000888299165529
2.1e-09 0.000892297097717
2.101e-09 0.000896300167147
2.102e-09 0.000900308384972
2.103e-09 0.000904321752788
2.104e-09 0.00090834028208
2.105e-09 0.000912363974716
2.106e-09 0.000916392842494
2.107e-09 0.000920426887562
2.108e-09 0.00092446612203
2.109e-09 0.000928510548321
2.11e-09 0.000932560178854
2.111e-09 0.000936615016327
2.112e-09 0.000940675073463
2.113e-09 0.000944740353228
2.114e-09 0.000948810868647
2.115e-09 0.00095288662295
2.116e-09 0.00095696762946
2.117e-09 0.000961053891667
2.118e-09 0.000965145423187
2.119e-09 0.00096891166391
2.12e-09 0.000973014356884
2.121e-09 0.000977122336158
2.122e-09 0.000981235616094
2.123e-09 0.000985354209385
2.124e-09 0.000989478121239
2.125e-09 0.000993607366318
2.126e-09 0.000997741949408
2.127e-09 0.00100188188549
2.128e-09 0.00100602717949
2.129e-09 0.00101017784665
2.13e-09 0.00101433389212
2.131e-09 0.00101849533136
2.132e-09 0.00102266216977
2.133e-09 0.00102683442306
2.134e-09 0.00103101209684
2.135e-09 0.0010351952071
2.136e-09 0.00103938375966
2.137e-09 0.0010432583403
2.138e-09 0.00104745842936
2.139e-09 0.00105166399854
2.14e-09 0.00105587505896
2.141e-09 0.00106009161849
2.142e-09 0.00106431369379
2.143e-09 0.00106854129163
2.144e-09 0.00107277442922
2.145e-09 0.00107701311345
2.146e-09 0.00108125736176
2.147e-09 0.00108550718125
2.148e-09 0.00108976258961
2.149e-09 0.00109402359412
2.15e-09 0.00109829021273
2.151e-09 0.00110256245294
2.152e-09 0.00110653051984
2.153e-09 0.00111081468026
2.154e-09 0.00111510450569
2.155e-09 0.00111940000898
2.156e-09 0.00112370119966
2.157e-09 0.00112800809629
2.158e-09 0.0011323207073
2.159e-09 0.00113663905177
2.16e-09 0.00114096313823
2.161e-09 0.00114529298601
2.162e-09 0.00114962860382
2.163e-09 0.00115397001124
2.164e-09 0.00115831721716
2.165e-09 0.00116236901896
2.166e-09 0.00116672852102
2.167e-09 0.00117109386975
2.168e-09 0.00117546507941
2.169e-09 0.00117984216099
2.17e-09 0.00118422513466
2.171e-09 0.00118861401021
2.172e-09 0.00119300880837
2.173e-09 0.00119740953902
2.174e-09 0.00120181622314
2.175e-09 0.00120622887079
2.176e-09 0.00121035374567
2.177e-09 0.00121477903861
2.178e-09 0.00121921034726
2.179e-09 0.00122364768712
2.18e-09 0.00122809107037
2.181e-09 0.00123254051853
2.182e-09 0.00123699604259
2.183e-09 0.00124145766465
2.184e-09 0.00124592539576
2.185e-09 0.00125039925827
2.186e-09 0.00125487926344
2.187e-09 0.00125907930981
2.188e-09 0.00126357233802
2.189e-09 0.00126807156511
2.19e-09 0.00127257700777
2.191e-09 0.0012770886794
2.192e-09 0.00128160660293
2.193e-09 0.0012861307905
2.194e-09 0.00129066126562
2.195e-09 0.00129519804053
2.196e-09 0.00129946140873
2.197e-09 0.00130401153737
2.198e-09 0.00130856802543
2.199e-09 0.00131313089064
2.2e-09 0.0013177001474
2.201e-09 0.00132227581981
2.202e-09 0.00132685792101
2.203e-09 0.00133144647568
2.204e-09 0.0013357675619
2.205e-09 0.00134036979402
2.206e-09 0.00134497852651
2.207e-09 0.00134959378441
2.208e-09 0.00135421559114
2.209e-09 0.00135884396139
2.21e-09 0.00136347892078
2.211e-09 0.00136812048348
2.212e-09 0.00137250063042
2.213e-09 0.00137715618419
2.214e-09 0.00138181840724
2.215e-09 0.00138648731919
2.216e-09 0.00139116293635
2.217e-09 0.00139584528496
2.218e-09 0.00140053438003
2.219e-09 0.00140496745106
2.22e-09 0.00140967083709
2.221e-09 0.00141438103832
2.222e-09 0.00141909807521
2.223e-09 0.00142382196495
2.224e-09 0.00142855273474
2.225e-09 0.00143329040043
2.226e-09 0.00143777751678
2.227e-09 0.0014425297863
2.228e-09 0.00144728902338
2.229e-09 0.00145205524936
2.23e-09 0.0014568284823
2.231e-09 0.00146160875041
2.232e-09 0.00146614323819
2.233e-09 0.00147093840274
2.234e-09 0.00147574066021
2.235e-09 0.00148055003945
2.236e-09 0.00148536656779
2.237e-09 0.00149019026336
2.238e-09 0.00149477302205
2.239e-09 0.00149961188904
2.24e-09 0.00150445800033
2.241e-09 0.00150931137889
2.242e-09 0.00151417204441
2.243e-09 0.00151904002691
2.244e-09 0.0015236719699
2.245e-09 0.00152855543792
2.246e-09 0.00153344628574
2.247e-09 0.00153834454402
2.248e-09 0.00154325024191
2.249e-09 0.00154792405266
2.25e-09 0.00155284549373
2.251e-09 0.0015577744403
2.252e-09 0.00156271092386
2.253e-09 0.00156765497437
2.254e-09 0.00157237133681
2.255e-09 0.00157733139642
2.256e-09 0.00158229909121
2.257e-09 0.00158727445349
2.258e-09 0.00159225751405
2.259e-09 0.001597017133
2.26e-09 0.00160201647666
2.261e-09 0.00160702358919
2.262e-09 0.0016120385037
2.263e-09 0.00161706125184
2.264e-09 0.00162186485303
2.265e-09 0.00162690416654
2.266e-09 0.00163195138666
2.267e-09 0.00163700654736
2.268e-09 0.00164184605645
2.269e-09 0.00164691799901
2.27e-09 0.00165199797267
2.271e-09 0.00165708600497
2.272e-09 0.00166196190303
2.273e-09 0.00166706697123
2.274e-09 0.00167218017569
2.275e-09 0.00167730155177
2.276e-09 0.0016824311334
2.277e-09 0.00168735300422
2.278e-09 0.00169249992619
2.279e-09 0.00169765513329
2.28e-09 0.00170281866182
2.281e-09 0.00170777807965
2.282e-09 0.00171295918319
2.283e-09 0.00171814870585
2.284e-09 0.00172334667734
2.285e-09 0.00172834416161
2.286e-09 0.00173355998161
2.287e-09 0.00173878433503
2.288e-09 0.00174381096837
2.289e-09 0.00174905336694
2.29e-09 0.00175430439506
2.291e-09 0.00175956409111
2.292e-09 0.00176462975837
2.293e-09 0.00176990775062
2.294e-09 0.00177519451521
2.295e-09 0.00178029006176
2.296e-09 0.0017855953282
2.297e-09 0.00179090946788
2.298e-09 0.00179623251314
2.299e-09 0.00180136808434
2.3e-09 0.00180670992819
2.301e-09 0.00181206077042
2.302e-09 0.00181722699629
2.303e-09 0.00182259685104
2.304e-09 0.0018279758089
2.305e-09 0.00183317302707
2.306e-09 0.00183857121527
2.307e-09 0.0018439786134
2.308e-09 0.00184939526347
2.309e-09 0.00185463401601
2.31e-09 0.00186007017618
2.311e-09 0.00186551570391
2.312e-09 0.00187078625853
2.313e-09 0.0018762515244
2.314e-09 0.00188172626981
2.315e-09 0.00188702898791
2.316e-09 0.00189252370381
2.317e-09 0.00189802801325
2.318e-09 0.00190336326215
2.319e-09 0.00190888777859
2.32e-09 0.00191424525517
2.321e-09 0.00191979016219
2.322e-09 0.00192534484582
2.323e-09 0.0019307354856
2.324e-09 0.00193631079794
2.325e-09 0.00194189600587
2.326e-09 0.00194732019366
2.327e-09 0.00195292627834
2.328e-09 0.00195854238037
2.329e-09 0.00196400050812
2.33e-09 0.00196963773981
2.331e-09 0.00197511906153
2.332e-09 0.00198077756693
2.333e-09 0.00198644631006
2.334e-09 0.00199196223712
2.335e-09 0.00199765252518
2.336e-09 0.00200319209562
2.337e-09 0.00200890413046
2.338e-09 0.00201462660776
2.339e-09 0.00202020148226
2.34e-09 0.00202594597022
2.341e-09 0.00203154496949
2.342e-09 0.00203731162281
2.343e-09 0.00204293493097
2.344e-09 0.00204872396859
2.345e-09 0.00205452376235
2.346e-09 0.00206018338098
2.347e-09 0.00206600583617
2.348e-09 0.00207169026653
2.349e-09 0.00207753554608
2.35e-09 0.002083244981
2.351e-09 0.00208911331291
2.352e-09 0.00209484796636
2.353e-09 0.00210073951405
2.354e-09 0.00210649958446
2.355e-09 0.00211241458104
2.356e-09 0.00211834085738
2.357e-09 0.00212413891497
2.358e-09 0.00213008893791
2.359e-09 0.0021359129513
2.36e-09 0.0021418868974
2.361e-09 0.00214773707395
2.362e-09 0.00215373518643
2.363e-09 0.00215961175527
2.364e-09 0.00216563421142
2.365e-09 0.00217153738596
2.366e-09 0.00217758443454
2.367e-09 0.00218351444975
2.368e-09 0.00218945851583
2.369e-09 0.00219554333497
2.37e-09 0.00220151458302
2.371e-09 0.0022076245446
2.372e-09 0.00221362321249
2.373e-09 0.00221975850664
2.374e-09 0.00222578482079
2.375e-09 0.00223194571016
2.376e-09 0.00223799991944
2.377e-09 0.0022441865995
2.378e-09 0.0022502689369
2.379e-09 0.00225636601615
2.38e-09 0.00226259240338
2.381e-09 0.00226871798156
2.382e-09 0.00227497075107
2.383e-09 0.00228112507799
2.384e-09 0.00228729446698
2.385e-09 0.00229358785356
2.386e-09 0.00229978637602
2.387e-09 0.00230610675725
2.388e-09 0.0023123346717
2.389e-09 0.00231857797964
2.39e-09 0.00232493992019
2.391e-09 0.00233121301828
2.392e-09 0.00233750168985
2.393e-09 0.00234390572955
2.394e-09 0.00235022460277
2.395e-09 0.00235665669966
2.396e-09 0.0023630060536
2.397e-09 0.0023693713321
2.398e-09 0.00237584652494
2.399e-09 0.00238224269976
2.4e-09 0.00238865503983
2.401e-09 0.00239508360707
2.402e-09 0.00240161765272
2.403e-09 0.0024080776845
2.404e-09 0.002414554151
2.405e-09 0.00242113274921
2.406e-09 0.00242764112667
2.407e-09 0.0024341661918
2.408e-09 0.00244079003448
2.409e-09 0.00244734745532
2.41e-09 0.00245392176939
2.411e-09 0.00246051306367
2.412e-09 0.00246719859579
2.413e-09 0.00247382286842
2.414e-09 0.00248046437805
2.415e-09 0.00248712319414
2.416e-09 0.00249379939931
2.417e-09 0.00250056411627
2.418e-09 0.00250727408935
2.419e-09 0.002514001682
2.42e-09 0.00252074698679
2.421e-09 0.00252751008779
2.422e-09 0.00253435590416
2.423e-09 0.00254115360785
2.424e-09 0.00254796938382
2.425e-09 0.00255480330745
2.426e-09 0.00256165546751
2.427e-09 0.00256852595126
2.428e-09 0.00257547211952
2.429e-09 0.00258237823046
2.43e-09 0.00258930291664
2.431e-09 0.00259624627808
2.432e-09 0.00260320840596
2.433e-09 0.00261018939381
2.434e-09 0.00261718933513
2.435e-09 0.00262420832417
2.436e-09 0.00263129345974
2.437e-09 0.00263834953922
2.438e-09 0.00264542496979
2.439e-09 0.00265251983611
2.44e-09 0.00265963423653
2.441e-09 0.00266676826798
2.442e-09 0.00267392202912
2.443e-09 0.00268109561933
2.444e-09 0.00268828913892
2.445e-09 0.00269550268901
2.446e-09 0.00270273637152
2.447e-09 0.00270999028924
2.448e-09 0.00271726454573
2.449e-09 0.00272455924539
2.45e-09 0.00273187449345
2.451e-09 0.00273921039594
2.452e-09 0.00274656705977
2.453e-09 0.00275394459264
2.454e-09 0.00276134310314
2.455e-09 0.00276876270068
2.456e-09 0.00277620349556
2.457e-09 0.00278366559893
2.458e-09 0.00279113153533
2.459e-09 0.00279863795329
2.46e-09 0.00280616600167
2.461e-09 0.00281371580777
2.462e-09 0.00282128748652
2.463e-09 0.00282888115598
2.464e-09 0.00283649693413
2.465e-09 0.00284413493989
2.466e-09 0.00285178884148
2.467e-09 0.00285947307365
2.468e-09 0.0028671799154
2.469e-09 0.00287490947894
2.47e-09 0.00288266188841
2.471e-09 0.00289043790052
2.472e-09 0.00289823777862
2.473e-09 0.00290606086018
2.474e-09 0.00291390728517
2.475e-09 0.00292178355349
2.476e-09 0.00292967849454
2.477e-09 0.00293759718929
2.478e-09 0.00294553975917
2.479e-09 0.00295351850356
2.48e-09 0.00296151065783
2.481e-09 0.00296952707171
2.482e-09 0.00297758445211
2.483e-09 0.00298565128798
2.484e-09 0.00299374282981
2.485e-09 0.00300188018809
2.486e-09 0.00301002299771
2.487e-09 0.00301819090829
2.488e-09 0.00302640951405
2.489e-09 0.00303462957365
2.49e-09 0.00304290364075
2.491e-09 0.00305117644991
2.492e-09 0.00305950655028
2.493e-09 0.00306783270361
2.494e-09 0.00307618502833
2.495e-09 0.00308459965233
2.496e-09 0.00309300625236
2.497e-09 0.00310147849501
2.498e-09 0.00310994000042
2.499e-09 0.00311847056243
2.5e-09 0.0031270312902
2.501e-09 0.00313557714507
2.502e-09 0.00314419718874
2.503e-09 0.00315279960192
2.504e-09 0.00316147960835
2.505e-09 0.00317013924162
2.506e-09 0.00317887995509
2.507e-09 0.00318765205626
2.508e-09 0.00319639960233
2.509e-09 0.00320523347111
2.51e-09 0.0032140992746
2.511e-09 0.00322293633298
2.512e-09 0.00323186500389
2.513e-09 0.00324082617236
2.514e-09 0.00324982003645
2.515e-09 0.00325877953823
2.516e-09 0.00326783775888
2.517e-09 0.00327692927217
2.518e-09 0.00328605427083
2.519e-09 0.00329513924178
2.52e-09 0.00330433019779
2.521e-09 0.00331355523247
2.522e-09 0.00332281455877
2.523e-09 0.00333210839276
2.524e-09 0.00334143693546
2.525e-09 0.00335080041027
2.526e-09 0.0033601990211
2.527e-09 0.0033696329956
2.528e-09 0.00337901406788
2.529e-09 0.00338851776761
2.53e-09 0.00339805747423
2.531e-09 0.00340763341933
2.532e-09 0.00341724583754
2.533e-09 0.00342699177689
2.534e-09 0.00343667951903
2.535e-09 0.00344640441881
2.536e-09 0.00345616671909
2.537e-09 0.00346596666579
2.538e-09 0.0034758044897
2.539e-09 0.00348568044491
2.54e-09 0.00349559476576
2.541e-09 0.00350565813325
2.542e-09 0.00351565164625
2.543e-09 0.00352568429659
2.544e-09 0.00353575633242
2.545e-09 0.00354586800393
2.546e-09 0.00355613863963
2.547e-09 0.00356633210059
2.548e-09 0.00357656600628
2.549e-09 0.00358696491179
2.55e-09 0.00359728223073
2.551e-09 0.00360776862176
2.552e-09 0.00361817051103
2.553e-09 0.00362861420491
2.554e-09 0.00363923310003
2.555e-09 0.00364976306017
2.556e-09 0.00366047234945
2.557e-09 0.00367108970504
2.558e-09 0.00368189057499
2.559e-09 0.00369259657732
2.56e-09 0.00370349026929
2.561e-09 0.00371443172085
2.562e-09 0.00372527382485
2.563e-09 0.00373630998975
2.564e-09 0.00374739491867
2.565e-09 0.00375837604039
2.566e-09 0.00376955762808
2.567e-09 0.0037807889408
2.568e-09 0.0037920703354
2.569e-09 0.00380324194367
2.57e-09 0.00381462271253
2.571e-09 0.00382605462891
2.572e-09 0.00383753803626
2.573e-09 0.00384907329632
2.574e-09 0.00386066077224
2.575e-09 0.00387230083224
2.576e-09 0.00388399384856
2.577e-09 0.00389574019768
2.578e-09 0.00390754026029
2.579e-09 0.00391939442138
