1e-12 0.00345829504165
2e-12 0.0034586519442
3e-12 0.00345903466164
4e-12 0.0034594285163
5e-12 0.00345983408101
6e-12 0.00346024949905
7e-12 0.00346067409947
8e-12 0.00346110722395
9e-12 0.00346154840142
1e-11 0.00346199724102
1.1e-11 0.00346245342183
1.2e-11 0.00346291667197
1.3e-11 0.00346338675821
1.4e-11 0.00346386347765
1.5e-11 0.0034643466519
1.6e-11 0.00346483612267
1.7e-11 0.00346533174846
1.8e-11 0.00346583340191
1.9e-11 0.00346634096773
2e-11 0.00346685434102
2.1e-11 0.00346737342596
2.2e-11 0.0034678981346
2.3e-11 0.00346842838602
2.4e-11 0.00346896410549
2.5e-11 0.0034695052238
2.6e-11 0.00347005167673
2.7e-11 0.00347060340453
2.8e-11 0.00347116035151
2.9e-11 0.00347172246566
3e-11 0.0034763133796
3.1e-11 0.00347688382838
3.2e-11 0.00347745955336
3.3e-11 0.00347804035626
3.4e-11 0.00347862620799
3.5e-11 0.00347921705417
3.6e-11 0.00347981285527
3.7e-11 0.00348041357362
3.8e-11 0.00348101917527
3.9e-11 0.00348162962874
4e-11 0.00348224490482
4.1e-11 0.00348286497627
4.2e-11 0.00348348981763
4.3e-11 0.00348411940507
4.4e-11 0.00348475371622
4.5e-11 0.00348539273011
4.6e-11 0.00348603642704
4.7e-11 0.00348668478852
4.8e-11 0.00348733779717
4.9e-11 0.00348799543668
5e-11 0.00348865769175
5.1e-11 0.00348932454803
5.2e-11 0.00348999599205
5.3e-11 0.00349067201124
5.4e-11 0.00349135259381
5.5e-11 0.00349203772877
5.6e-11 0.00349272740589
5.7e-11 0.00349740151501
5.8e-11 0.00349809777744
5.9e-11 0.00349879852159
6e-11 0.00349950375591
6.1e-11 0.00350021347143
6.2e-11 0.00350092766316
6.3e-11 0.00350164632546
6.4e-11 0.00350236945335
6.5e-11 0.00350309704225
6.6e-11 0.00350382908807
6.7e-11 0.00350456558719
6.8e-11 0.00350530653643
6.9e-11 0.00350605193309
7e-11 0.00350680177489
7.1e-11 0.00350755606
7.2e-11 0.00350831478699
7.3e-11 0.00350907795487
7.4e-11 0.00350984556302
7.5e-11 0.00351061761123
7.6e-11 0.00351139409969
7.7e-11 0.00351217502892
7.8e-11 0.00351296039985
7.9e-11 0.00351768898704
8e-11 0.00351848062541
8.1e-11 0.00351927700994
8.2e-11 0.00352007795213
8.3e-11 0.00352088346503
8.4e-11 0.00352169352863
8.5e-11 0.00352250813874
8.6e-11 0.00352332729133
8.7e-11 0.00352415098497
8.8e-11 0.0035249792195
8.9e-11 0.00352581199587
9e-11 0.0035266493159
9.1e-11 0.00352749118215
9.2e-11 0.00352833759782
9.3e-11 0.00352918856666
9.4e-11 0.00353004409294
9.5e-11 0.00353090418141
9.6e-11 0.00353176883722
9.7e-11 0.00353263806594
9.8e-11 0.00353351187353
9.9e-11 0.00353439026629
1e-10 0.00353916582013
1.01e-10 0.00354005019701
1.02e-10 0.00354093913831
1.03e-10 0.00354183267219
1.04e-10 0.00354273080401
1.05e-10 0.00354363354378
1.06e-10 0.0035445409002
1.07e-10 0.0035454528824
1.08e-10 0.00354636949959
1.09e-10 0.00354729076123
1.1e-10 0.00354821667701
1.11e-10 0.00354914725684
1.12e-10 0.00355008251087
1.13e-10 0.00355102244949
1.14e-10 0.00355196708333
1.15e-10 0.00355291642325
1.16e-10 0.00355387048038
1.17e-10 0.00355482926605
1.18e-10 0.00355964197043
1.19e-10 0.003560606955
1.2e-10 0.00356157705044
1.21e-10 0.00356255204871
1.22e-10 0.00356353197454
1.23e-10 0.00356451681415
1.24e-10 0.00356550657193
1.25e-10 0.00356650125232
1.26e-10 0.00356750086266
1.27e-10 0.0035685054116
1.28e-10 0.00356951490896
1.29e-10 0.00357052936546
1.3e-10 0.00357154879257
1.31e-10 0.00357257320238
1.32e-10 0.00357360260757
1.33e-10 0.00357463702127
1.34e-10 0.00357567645708
1.35e-10 0.00357672092902
1.36e-10 0.00358156986826
1.37e-10 0.00358262054709
1.38e-10 0.00358367625507
1.39e-10 0.0035847370332
1.4e-10 0.00358580289413
1.41e-10 0.00358687385622
1.42e-10 0.00358794993606
1.43e-10 0.00358903115075
1.44e-10 0.00359011751745
1.45e-10 0.00359120905353
1.46e-10 0.00359230577659
1.47e-10 0.00359340770443
1.48e-10 0.00359451485515
1.49e-10 0.00359562724703
1.5e-10 0.00359674489864
1.51e-10 0.00359786782879
1.52e-10 0.00360274757788
1.53e-10 0.00360387715492
1.54e-10 0.00360501246287
1.55e-10 0.0036061532712
1.56e-10 0.00360729961403
1.57e-10 0.00360845148153
1.58e-10 0.00360960888458
1.59e-10 0.00361077183406
1.6e-10 0.00361194034415
1.61e-10 0.0036131144305
1.62e-10 0.00361429411009
1.63e-10 0.00361547940093
1.64e-10 0.00361667032185
1.65e-10 0.00361786689242
1.66e-10 0.00361906913284
1.67e-10 0.0036239795073
1.68e-10 0.00362518854171
1.69e-10 0.00362640324751
1.7e-10 0.00362762367801
1.71e-10 0.00362884985218
1.72e-10 0.00363008179584
1.73e-10 0.00363131953273
1.74e-10 0.0036325630872
1.75e-10 0.00363381248363
1.76e-10 0.00363506774673
1.77e-10 0.00363632890144
1.78e-10 0.00363759597302
1.79e-10 0.003638868987
1.8e-10 0.00364014796922
1.81e-10 0.00364143294585
1.82e-10 0.00364637188348
1.83e-10 0.00364766427023
1.84e-10 0.00364896317498
1.85e-10 0.00365026834377
1.86e-10 0.00365157982032
1.87e-10 0.0036528975988
1.88e-10 0.00365422169676
1.89e-10 0.00365555213173
1.9e-10 0.00365688892499
1.91e-10 0.00365823209951
1.92e-10 0.00365958167978
1.93e-10 0.00366093769148
1.94e-10 0.00366230016125
1.95e-10 0.00366366911662
1.96e-10 0.00366863746333
1.97e-10 0.00367001410634
1.98e-10 0.003671397246
1.99e-10 0.00367278695016
2e-10 0.00367418324515
2.01e-10 0.00367558616563
2.02e-10 0.00367699574369
2.03e-10 0.0036784120122
2.04e-10 0.0036798350041
2.05e-10 0.0036812647527
2.06e-10 0.00368270129166
2.07e-10 0.00368414465501
2.08e-10 0.00368559487716
2.09e-10 0.00369059010132
2.1e-10 0.00369204876356
2.11e-10 0.00369351488447
2.12e-10 0.0036949881861
2.13e-10 0.00369646872296
2.14e-10 0.00369795649414
2.15e-10 0.00369945152491
2.16e-10 0.00370095384054
2.17e-10 0.00370246347057
2.18e-10 0.00370398044646
2.19e-10 0.00370550480144
2.2e-10 0.00370703657012
2.21e-10 0.00370857578825
2.22e-10 0.00371360057586
2.23e-10 0.00371514863772
2.24e-10 0.00371670417077
2.25e-10 0.00371826725951
2.26e-10 0.00371983793881
2.27e-10 0.00372141625352
2.28e-10 0.00372300224546
2.29e-10 0.00372459595741
2.3e-10 0.00372619743229
2.31e-10 0.00372780671348
2.32e-10 0.00372942384485
2.33e-10 0.00373104887072
2.34e-10 0.00373610098608
2.35e-10 0.00373773577163
2.36e-10 0.00373937913659
2.37e-10 0.00374103077834
2.38e-10 0.00374269076425
2.39e-10 0.00374435909987
2.4e-10 0.00374603582005
2.41e-10 0.00374772095968
2.42e-10 0.0037494145585
2.43e-10 0.00375111665842
2.44e-10 0.00375282730346
2.45e-10 0.00375454653924
2.46e-10 0.00375962938168
2.47e-10 0.00376135891371
2.48e-10 0.00376309707149
2.49e-10 0.00376484395925
2.5e-10 0.0037665996223
2.51e-10 0.00376836411784
2.52e-10 0.00377013749959
2.53e-10 0.00377191982239
2.54e-10 0.00377371114135
2.55e-10 0.00377551151222
2.56e-10 0.00377732099134
2.57e-10 0.00377913963573
2.58e-10 0.00378425277602
2.59e-10 0.0037860828806
2.6e-10 0.00378792293475
2.61e-10 0.00378977261006
2.62e-10 0.00379163199008
2.63e-10 0.00379350108944
2.64e-10 0.00379537995553
2.65e-10 0.00379726863588
2.66e-10 0.00379916718353
2.67e-10 0.00380107565408
2.68e-10 0.00380299410557
2.69e-10 0.00380814004955
2.7e-10 0.00381007064955
2.71e-10 0.0038120112834
2.72e-10 0.00381396207992
2.73e-10 0.00381592309784
2.74e-10 0.00381789441022
2.75e-10 0.00381987608595
2.76e-10 0.00382186819546
2.77e-10 0.00382387080956
2.78e-10 0.00382588399989
2.79e-10 0.00383106054074
2.8e-10 0.00383308715237
2.81e-10 0.00383512523112
2.82e-10 0.00383717442397
2.83e-10 0.00383923483291
2.84e-10 0.00384130648371
2.85e-10 0.0038433894386
2.86e-10 0.00384548376006
2.87e-10 0.00384758951679
2.88e-10 0.00384970678053
2.89e-10 0.00385183562585
2.9e-10 0.00385704999328
2.91e-10 0.00385919319764
2.92e-10 0.00386134806238
2.93e-10 0.00386351474614
2.94e-10 0.0038656933247
2.95e-10 0.00386788389085
2.96e-10 0.00387008653254
2.97e-10 0.00387230133961
2.98e-10 0.00387452840244
2.99e-10 0.00387676781258
3e-10 0.00388201792594
3.01e-10 0.00388427329803
3.02e-10 0.00388654203986
3.03e-10 0.00388882377328
3.04e-10 0.00389111862486
3.05e-10 0.0038934266366
3.06e-10 0.0038957478912
3.07e-10 0.0038980824718
3.08e-10 0.00390043046871
3.09e-10 0.00390279197581
3.1e-10 0.003908083787
3.11e-10 0.00391046240337
3.12e-10 0.00391285464095
3.13e-10 0.00391526069494
3.14e-10 0.00391768066269
3.15e-10 0.0039201146619
3.16e-10 0.00392256280474
3.17e-10 0.00392502520578
3.18e-10 0.0039275019805
3.19e-10 0.00393283297343
3.2e-10 0.00393532869955
3.21e-10 0.00393783996979
3.22e-10 0.00394036638266
3.23e-10 0.0039429080942
3.24e-10 0.00394546516704
3.25e-10 0.00394803770916
3.26e-10 0.00395062582926
3.27e-10 0.00395322964429
3.28e-10 0.00395860631031
3.29e-10 0.00396123043388
3.3e-10 0.00396387040325
3.31e-10 0.00396652645638
3.32e-10 0.00396919871677
3.33e-10 0.00397188733208
3.34e-10 0.00397459244376
3.35e-10 0.0039773141964
3.36e-10 0.00398005273591
3.37e-10 0.00398547661254
3.38e-10 0.00398823775171
3.39e-10 0.00399101702326
3.4e-10 0.00399381400467
3.41e-10 0.00399662888923
3.42e-10 0.00399946176718
3.43e-10 0.00400231277932
3.44e-10 0.00400518206766
3.45e-10 0.00400806978374
3.46e-10 0.00401354909788
3.47e-10 0.00401646122783
3.48e-10 0.0040193920007
3.49e-10 0.00402234171212
3.5e-10 0.00402531052236
3.51e-10 0.0040282986206
3.52e-10 0.00403130618896
3.53e-10 0.00403433341354
3.54e-10 0.00403738048235
3.55e-10 0.00404291814616
3.56e-10 0.00404599254859
3.57e-10 0.00404908836368
3.58e-10 0.00405220515187
3.59e-10 0.0040553431572
3.6e-10 0.00405850250956
3.61e-10 0.00406168339565
3.62e-10 0.00406488600406
3.63e-10 0.00407048516158
3.64e-10 0.00407371725195
3.65e-10 0.00407697136018
3.66e-10 0.00408024785311
3.67e-10 0.004083546938
3.68e-10 0.00408686885701
3.69e-10 0.00409021384446
3.7e-10 0.00409358214005
3.71e-10 0.00409697398631
3.72e-10 0.00410264620809
3.73e-10 0.00410607125758
3.74e-10 0.00410952169715
3.75e-10 0.00411299707744
3.76e-10 0.00411649770826
3.77e-10 0.00412002377307
3.78e-10 0.00412357551946
3.79e-10 0.00412715319796
3.8e-10 0.00413290248658
3.81e-10 0.00413651627949
3.82e-10 0.00414015642844
3.83e-10 0.00414382339872
3.84e-10 0.00414751746521
3.85e-10 0.00415123894529
3.86e-10 0.00415498814759
3.87e-10 0.00415876538791
3.88e-10 0.00416459718807
3.89e-10 0.00416841488823
3.9e-10 0.00417226280061
3.91e-10 0.00417614047786
3.92e-10 0.00418004831574
3.93e-10 0.00418398657052
3.94e-10 0.00418795557106
3.95e-10 0.00419195565072
3.96e-10 0.00419788488968
3.97e-10 0.00420192937451
3.98e-10 0.00420600554189
3.99e-10 0.00421011398487
4e-10 0.00421425506935
4.01e-10 0.00421842921324
4.02e-10 0.00422263682496
4.03e-10 0.00422865772619
4.04e-10 0.00423291475414
4.05e-10 0.00423720784113
4.06e-10 0.00424153655898
4.07e-10 0.00424590141613
4.08e-10 0.00425030276733
4.09e-10 0.00425474104992
4.1e-10 0.00425921670803
4.11e-10 0.00426536148406
4.12e-10 0.00426989190307
4.13e-10 0.00427446055117
4.14e-10 0.00427906818779
4.15e-10 0.00428371530163
4.16e-10 0.00428840244536
4.17e-10 0.00429313016187
4.18e-10 0.00429789900752
4.19e-10 0.00430418080419
4.2e-10 0.00430901197122
4.21e-10 0.00431388745934
4.22e-10 0.00431880689599
4.23e-10 0.00432377096317
4.24e-10 0.00432878017253
4.25e-10 0.00433383513204
4.26e-10 0.00434025833958
4.27e-10 0.00434538211679
4.28e-10 0.00435055285589
4.29e-10 0.00435577154935
4.3e-10 0.00436103886407
4.31e-10 0.00436635554786
4.32e-10 0.00437172233968
4.33e-10 0.00437713999805
4.34e-10 0.00438374434713
4.35e-10 0.00438924107335
4.36e-10 0.00439479265548
4.37e-10 0.00440039882815
4.38e-10 0.00440606051568
4.39e-10 0.00441177845475
4.4e-10 0.00441755349594
4.41e-10 0.00442338650719
4.42e-10 0.00443020938466
4.43e-10 0.00443613225607
4.44e-10 0.00444211497492
4.45e-10 0.00444815891167
4.46e-10 0.00445426503363
4.47e-10 0.00446043441414
4.48e-10 0.00446666812018
4.49e-10 0.0044729672486
4.5e-10 0.00448004096218
4.51e-10 0.00448644476562
4.52e-10 0.00449291924771
4.53e-10 0.00449946437179
4.54e-10 0.00450608146813
4.55e-10 0.00451277166059
4.56e-10 0.00451953621356
4.57e-10 0.0045263764214
4.58e-10 0.00453375641016
4.59e-10 0.00454071765622
4.6e-10 0.00454775752673
4.61e-10 0.00455487798718
4.62e-10 0.00456208049707
4.63e-10 0.00456936666174
4.64e-10 0.00457673808854
4.65e-10 0.00458419643405
4.66e-10 0.00459174339692
4.67e-10 0.00459938072336
4.68e-10 0.00460722753704
4.69e-10 0.00461501457999
4.7e-10 0.00462289958692
4.71e-10 0.00463088305985
4.72e-10 0.00463896712653
4.73e-10 0.00464715369235
4.74e-10 0.00465544485242
4.75e-10 0.00466384276151
4.76e-10 0.00467234966081
4.77e-10 0.00468096786862
4.78e-10 0.00468969978322
4.79e-10 0.00469822848177
4.8e-10 0.00470715075559
4.81e-10 0.00471619264645
4.82e-10 0.00472535759177
4.83e-10 0.00473464833111
4.84e-10 0.00474406784666
4.85e-10 0.00475361915663
4.86e-10 0.0047633053866
4.87e-10 0.00477312976112
4.88e-10 0.00478309561433
4.89e-10 0.00479320639477
4.9e-10 0.00480346567163
4.91e-10 0.00481387714059
4.92e-10 0.00482444463011
4.93e-10 0.00483517210785
4.94e-10 0.00484606368746
4.95e-10 0.0048571236358
4.96e-10 0.00486835638039
4.97e-10 0.00487976651753
4.98e-10 0.00489135882068
4.99e-10 0.00490313824951
5e-10 0.00491510995944
5.01e-10 0.00492727931179
5.02e-10 0.00493965188459
5.03e-10 0.00495223348409
5.04e-10 0.00496503015704
5.05e-10 0.00497804820374
5.06e-10 0.00499305135622
5.07e-10 0.00500659888884
5.08e-10 0.00502039168737
5.09e-10 0.00503443601361
5.1e-10 0.0050487398536
5.11e-10 0.00506331128586
5.12e-10 0.00507815888022
5.13e-10 0.00509553889501
5.14e-10 0.00511103741678
5.15e-10 0.00512683775282
5.16e-10 0.00514295250253
5.17e-10 0.00516194956245
5.18e-10 0.00517880736589
5.19e-10 0.00519601849917
5.2e-10 0.00521639873091
5.21e-10 0.00523443369127
5.22e-10 0.00525583675684
5.23e-10 0.00527475741014
5.24e-10 0.00529726339786
5.25e-10 0.00531714209822
5.26e-10 0.0053408230234
5.27e-10 0.00536173590826
5.28e-10 0.00538669012252
5.29e-10 0.00541236409066
5.3e-10 0.00543504912305
5.31e-10 0.00546215183238
5.32e-10 0.00549006252284
5.33e-10 0.00551881614762
5.34e-10 0.00554845054801
5.35e-10 0.00557900222742
5.36e-10 0.00561051493145
5.37e-10 0.00564752764735
5.38e-10 0.00568121588469
5.39e-10 0.00571600729976
5.4e-10 0.00575680937904
5.41e-10 0.00579907909315
5.42e-10 0.00583779209821
5.43e-10 0.00588308409088
5.44e-10 0.0059300650279
