1e-12 0.00451868614258
2e-12 0.00451871611702
3e-12 0.00451877571457
4e-12 0.00451884644718
5e-12 0.00451892891701
6e-12 0.00451902081145
7e-12 0.00451912126987
8e-12 0.00451922946941
9e-12 0.00451934482427
1e-11 0.00451946685485
1.1e-11 0.00451959517285
1.2e-11 0.00451972945469
1.3e-11 0.00451986942787
1e-12 0.00170426225448
2e-12 0.00170428976045
3e-12 0.00170433661996
4e-12 0.00170439108122
5e-12 0.00170445356188
6e-12 0.00170452261832
7e-12 0.00170745022866
8e-12 0.00170753089346
9e-12 0.0017076167462
1e-11 0.0017077074559
1.1e-11 0.00170780277019
1.2e-11 0.0017079024715
1.3e-11 0.00170800637421
1.4e-11 0.00170811431636
1.5e-11 0.00170822615533
1.6e-11 0.00170834176421
1.7e-11 0.00170846102918
1.8e-11 0.00170858384736
1.9e-11 0.00170871012523
2e-11 0.0017088397773
2.1e-11 0.00170897272501
2.2e-11 0.00170910889587
2.3e-11 0.0017092482227
2.4e-11 0.00170939064307
2.5e-11 0.00170953609872
2.6e-11 0.00170968453515
2.7e-11 0.00170983590123
2.8e-11 0.00170999014885
2.9e-11 0.00171014723268
3e-11 0.00171030710988
3.1e-11 0.00171046973991
3.2e-11 0.00171063508431
3.3e-11 0.00171080310653
3.4e-11 0.00171097377181
3.5e-11 0.00171114704701
3.6e-11 0.0017113229005
3.7e-11 0.00171150130205
3.8e-11 0.00171168222273
3.9e-11 0.00171186563483
4e-11 0.00171205151177
4.1e-11 0.00171223982801
4.2e-11 0.00171528832648
4.3e-11 0.00171548147691
4.4e-11 0.00171567699559
4.5e-11 0.00171587486092
4.6e-11 0.0017160750516
4.7e-11 0.00171627754716
4.8e-11 0.00171648232782
4.9e-11 0.00171668937447
5e-11 0.0017168986686
5.1e-11 0.00171711019232
5.2e-11 0.00171732392828
5.3e-11 0.00171753985966
5.4e-11 0.00171775797017
5.5e-11 0.00171797824398
5.6e-11 0.00171820066572
5.7e-11 0.00171842522046
5.8e-11 0.00171865189369
5.9e-11 0.00171888067129
6e-11 0.00171911153954
6.1e-11 0.00171934448508
6.2e-11 0.00171957949487
6.3e-11 0.00171981655624
6.4e-11 0.00172005565684
6.5e-11 0.0017202967846
6.6e-11 0.00172340236671
6.7e-11 0.00172364754656
6.8e-11 0.00172389475794
6.9e-11 0.00172414396528
7e-11 0.00172439515896
7.1e-11 0.00172464832558
7.2e-11 0.0017249034539
7.3e-11 0.00172516053291
7.4e-11 0.00172541955212
7.5e-11 0.00172568050138
7.6e-11 0.00172594337086
7.7e-11 0.001726208151
7.8e-11 0.00172647483248
7.9e-11 0.00172674340624
8e-11 0.00172701386341
8.1e-11 0.00172728619533
8.2e-11 0.00172756039355
8.3e-11 0.00172783644978
8.4e-11 0.00172811435594
8.5e-11 0.00172839410408
8.6e-11 0.00173154229016
8.7e-11 0.00173182568103
8.8e-11 0.00173211089009
8.9e-11 0.00173239791046
9e-11 0.00173268673479
9.1e-11 0.00173297735601
9.2e-11 0.00173326976716
9.3e-11 0.00173356396142
9.4e-11 0.00173385993211
9.5e-11 0.00173415767267
9.6e-11 0.00173445717665
9.7e-11 0.00173475843772
9.8e-11 0.00173506144968
9.9e-11 0.00173536620642
1e-10 0.00173567270194
1.01e-10 0.00173598093035
1.02e-10 0.00173629088586
1.03e-10 0.00173660256278
1.04e-10 0.00173978626415
1.05e-10 0.00174010134972
1.06e-10 0.00174041818057
1.07e-10 0.00174073672551
1.08e-10 0.00174105698044
1.09e-10 0.00174137893708
1.1e-10 0.00174170258928
1.11e-10 0.00174202793097
1.12e-10 0.00174235495646
1.13e-10 0.00174268366029
1.14e-10 0.00174301403718
1.15e-10 0.001743346082
1.16e-10 0.00174367978975
1.17e-10 0.00174401515557
1.18e-10 0.00174435217468
1.19e-10 0.00174469084244
1.2e-10 0.00174503115425
1.21e-10 0.00174824669231
1.22e-10 0.0017485902065
1.23e-10 0.00174893535017
1.24e-10 0.00174928211964
1.25e-10 0.00174963051052
1.26e-10 0.00174998051871
1.27e-10 0.0017503321401
1.28e-10 0.00175068537069
1.29e-10 0.00175104020654
1.3e-10 0.00175139664377
1.31e-10 0.00175175467857
1.32e-10 0.00175211430718
1.33e-10 0.00175247552591
1.34e-10 0.00175283833112
1.35e-10 0.00175320271924
1.36e-10 0.00175356868673
1.37e-10 0.00175681269019
1.38e-10 0.00175718173389
1.39e-10 0.00175755238877
1.4e-10 0.00175792462448
1.41e-10 0.00175829843893
1.42e-10 0.00175867382565
1.43e-10 0.00175905078033
1.44e-10 0.0017594292987
1.45e-10 0.00175980937688
1.46e-10 0.00176019101116
1.47e-10 0.00176057419799
1.48e-10 0.00176095893395
1.49e-10 0.00176134521574
1.5e-10 0.00176173304013
1.51e-10 0.00176212240398
1.52e-10 0.00176539230732
1.53e-10 0.00176578461242
1.54e-10 0.00176617844632
1.55e-10 0.0017665738068
1.56e-10 0.00176697069082
1.57e-10 0.0017673690956
1.58e-10 0.00176776901837
1.59e-10 0.00176817045642
1.6e-10 0.00176857340708
1.61e-10 0.00176897786773
1.62e-10 0.00176938383581
1.63e-10 0.00176979130878
1.64e-10 0.00177020028417
1.65e-10 0.00177061075951
1.66e-10 0.00177390399372
1.67e-10 0.00177431733551
1.68e-10 0.00177473221389
1.69e-10 0.00177514859841
1.7e-10 0.00177556648806
1.71e-10 0.00177598587725
1.72e-10 0.00177640676258
1.73e-10 0.00177682914073
1.74e-10 0.00177725300874
1.75e-10 0.00177767836382
1.76e-10 0.00177810520334
1.77e-10 0.00177853352479
1.78e-10 0.00177896332575
1.79e-10 0.00177939460389
1.8e-10 0.00178271048104
1.81e-10 0.00178314452267
1.82e-10 0.00178358003299
1.83e-10 0.00178401701065
1.84e-10 0.00178445545342
1.85e-10 0.00178489535928
1.86e-10 0.00178533672624
1.87e-10 0.00178577955237
1.88e-10 0.00178622383574
1.89e-10 0.0017866695745
1.9e-10 0.00178711676682
1.91e-10 0.00178756541091
1.92e-10 0.00178801550502
1.93e-10 0.00179135183383
1.94e-10 0.0017918046423
1.95e-10 0.00179225894111
1.96e-10 0.00179271469938
1.97e-10 0.00179317191683
1.98e-10 0.00179363058838
1.99e-10 0.00179409071124
2e-10 0.00179455228267
2.01e-10 0.00179501530032
2.02e-10 0.00179547976201
2.03e-10 0.0017959456657
2.04e-10 0.00179641300949
2.05e-10 0.00179688179155
2.06e-10 0.00180023809631
2.07e-10 0.00180070951067
2.08e-10 0.00180118235617
2.09e-10 0.00180165663209
2.1e-10 0.0018021323367
2.11e-10 0.00180260946855
2.12e-10 0.00180308802615
2.13e-10 0.0018035680081
2.14e-10 0.00180404941299
2.15e-10 0.00180453223949
2.16e-10 0.00180501648629
2.17e-10 0.0018055021521
2.18e-10 0.00180598923568
2.19e-10 0.00180936473499
2.2e-10 0.00180985441497
2.21e-10 0.00181034555624
2.22e-10 0.00181083812734
2.23e-10 0.00181133212853
2.24e-10 0.00181182755508
2.25e-10 0.00181232440463
2.26e-10 0.0018128226749
2.27e-10 0.00181332236398
2.28e-10 0.00181382347012
2.29e-10 0.00181432599175
2.3e-10 0.0018148299274
2.31e-10 0.00181822311667
2.32e-10 0.00181872958198
2.33e-10 0.00181923745509
2.34e-10 0.00181974673582
2.35e-10 0.00182025742279
2.36e-10 0.00182076951496
2.37e-10 0.00182128301126
2.38e-10 0.00182179791066
2.39e-10 0.00182231421219
2.4e-10 0.00182283191488
2.41e-10 0.00182335101783
2.42e-10 0.00182387152016
2.43e-10 0.00182728175955
2.44e-10 0.0018278047696
2.45e-10 0.00182832922533
2.46e-10 0.00182885509457
2.47e-10 0.00182938237799
2.48e-10 0.00182991107109
2.49e-10 0.00183044117185
2.5e-10 0.00183097267828
2.51e-10 0.00183150558881
2.52e-10 0.00183203990203
2.53e-10 0.0018325756167
2.54e-10 0.00183311273168
2.55e-10 0.00183653974666
2.56e-10 0.00183707930987
2.57e-10 0.00183762026799
2.58e-10 0.00183816262127
2.59e-10 0.0018387063687
2.6e-10 0.00183925150956
2.61e-10 0.00183979804313
2.62e-10 0.00184034596871
2.63e-10 0.00184089528567
2.64e-10 0.00184144599338
2.65e-10 0.00184199809128
2.66e-10 0.00184544027703
2.67e-10 0.0018459948127
2.68e-10 0.00184655078746
2.69e-10 0.00184710816836
2.7e-10 0.00184766695643
2.71e-10 0.00184822714737
2.72e-10 0.00184878873939
2.73e-10 0.00184935173078
2.74e-10 0.00184991612023
2.75e-10 0.0018504819066
2.76e-10 0.00185104908893
2.77e-10 0.00185450627138
2.78e-10 0.0018550758416
2.79e-10 0.00185564680279
2.8e-10 0.00185621915554
2.81e-10 0.00185679289907
2.82e-10 0.0018573680329
2.83e-10 0.00185794455657
2.84e-10 0.00185852246963
2.85e-10 0.00185910177169
2.86e-10 0.00185968246241
2.87e-10 0.00186026454145
2.88e-10 0.00186373621314
2.89e-10 0.00186432067536
2.9e-10 0.00186490657726
2.91e-10 0.00186549388512
2.92e-10 0.00186608260028
2.93e-10 0.00186667271854
2.94e-10 0.00186726423836
2.95e-10 0.00186785715823
2.96e-10 0.00186845147706
2.97e-10 0.00186904719397
2.98e-10 0.00186964430824
2.99e-10 0.0018731303252
3e-10 0.00187372977737
3.01e-10 0.0018743306224
3.02e-10 0.0018749328613
3.03e-10 0.00187553649348
3.04e-10 0.00187614151876
3.05e-10 0.0018767479369
3.06e-10 0.00187735574773
3.07e-10 0.0018779649511
3.08e-10 0.00187857554692
3.09e-10 0.00188207452337
3.1e-10 0.00188268746066
3.11e-10 0.00188330184411
3.12e-10 0.00188391763915
3.13e-10 0.0018845348474
3.14e-10 0.00188515346477
3.15e-10 0.0018857734899
3.16e-10 0.00188639492147
3.17e-10 0.00188701775859
3.18e-10 0.00188764200058
3.19e-10 0.00188826764693
3.2e-10 0.00189178039524
3.21e-10 0.00189240834173
3.22e-10 0.00189303768852
3.23e-10 0.00189366843695
3.24e-10 0.00189430058666
3.25e-10 0.00189493413769
3.26e-10 0.00189556909003
3.27e-10 0.00189620544374
3.28e-10 0.0018968431989
3.29e-10 0.00189748235564
3.3e-10 0.00190100754999
3.31e-10 0.00190164901545
3.32e-10 0.00190229193863
3.33e-10 0.00190293628408
3.34e-10 0.00190358205372
3.35e-10 0.00190422924354
3.36e-10 0.00190487785237
3.37e-10 0.00190552787906
3.38e-10 0.00190617932294
3.39e-10 0.0019068321835
3.4e-10 0.00191036977585
3.41e-10 0.00191102491039
3.42e-10 0.00191168145766
3.43e-10 0.00191233941928
3.44e-10 0.00191299879504
3.45e-10 0.00191365958516
3.46e-10 0.0019143217898
3.47e-10 0.00191498540919
3.48e-10 0.00191565044361
3.49e-10 0.00191631689337
3.5e-10 0.00191986648255
3.51e-10 0.00192053521872
3.52e-10 0.00192120542869
3.53e-10 0.00192187707612
3.54e-10 0.00192255016316
3.55e-10 0.00192322468589
3.56e-10 0.00192390064329
3.57e-10 0.00192457803437
3.58e-10 0.00192525685861
3.59e-10 0.00192593711572
3.6e-10 0.00192949867378
3.61e-10 0.00193018118558
3.62e-10 0.00193086512658
3.63e-10 0.00193155049878
3.64e-10 0.00193223730212
3.65e-10 0.00193292553703
3.66e-10 0.0019336152039
3.67e-10 0.00193430630314
3.68e-10 0.00193499883524
3.69e-10 0.00193569280071
3.7e-10 0.0019392659369
3.71e-10 0.00193996217406
3.72e-10 0.00194065990547
3.73e-10 0.00194135909386
3.74e-10 0.00194205974165
3.75e-10 0.00194276184499
3.76e-10 0.00194346540302
3.77e-10 0.00194417041491
3.78e-10 0.00194487688033
3.79e-10 0.001948460812
3.8e-10 0.00194916952276
3.81e-10 0.00194987968328
3.82e-10 0.00195059129582
3.83e-10 0.00195130436043
3.84e-10 0.00195201887769
3.85e-10 0.00195273484812
3.86e-10 0.00195345227231
3.87e-10 0.0019541711509
3.88e-10 0.00195776554422
3.89e-10 0.00195848668943
3.9e-10 0.00195920935204
3.91e-10 0.00195993349384
3.92e-10 0.00196065911748
3.93e-10 0.00196138621912
3.94e-10 0.00196211479801
3.95e-10 0.00196284485346
3.96e-10 0.00196357638526
3.97e-10 0.00196430939342
3.98e-10 0.00196791503529
3.99e-10 0.00196865028367
4e-10 0.00196938700528
4.01e-10 0.00197012520278
4.02e-10 0.00197086487646
4.03e-10 0.00197160602715
4.04e-10 0.00197234865559
4.05e-10 0.00197309276261
4.06e-10 0.00197383834907
4.07e-10 0.00197745413889
4.08e-10 0.00197820199176
4.09e-10 0.00197895138954
4.1e-10 0.0019797022931
4.11e-10 0.00198045470534
4.12e-10 0.0019812086225
4.13e-10 0.001981964044
4.14e-10 0.00198272096929
4.15e-10 0.00198347939836
4.16e-10 0.00198710539258
4.17e-10 0.00198786606646
4.18e-10 0.00198862824083
4.19e-10 0.00198939191859
4.2e-10 0.00199015710013
4.21e-10 0.00199092378644
4.22e-10 0.0019916919784
4.23e-10 0.00199246167698
4.24e-10 0.0019932328832
4.25e-10 0.00199686876033
4.26e-10 0.00199764224047
4.27e-10 0.00199841729604
4.28e-10 0.00199919388695
4.29e-10 0.00199997201633
4.3e-10 0.00200075168046
4.31e-10 0.0020015328789
4.32e-10 0.00200231561123
4.33e-10 0.00200309987759
4.34e-10 0.0020067457089
4.35e-10 0.00200753222982
4.36e-10 0.00200832028167
4.37e-10 0.00200910986773
4.38e-10 0.00200990098854
4.39e-10 0.00201069364529
4.4e-10 0.00201148783904
4.41e-10 0.00201228357097
4.42e-10 0.00201308084227
4.43e-10 0.00201673631176
4.44e-10 0.00201753587061
4.45e-10 0.0020183370391
4.46e-10 0.00201913977613
4.47e-10 0.0020199440851
4.48e-10 0.00202074996234
4.49e-10 0.00202155740754
4.5e-10 0.00202236642047
4.51e-10 0.00202603092874
4.52e-10 0.00202684221384
4.53e-10 0.00202765506319
4.54e-10 0.00202846948032
4.55e-10 0.00202928546585
4.56e-10 0.00203010302108
4.57e-10 0.0020309221472
4.58e-10 0.00203174284551
4.59e-10 0.00203256511737
4.6e-10 0.00203623906127
4.61e-10 0.00203706364068
4.62e-10 0.00203788986622
4.63e-10 0.0020387176958
4.64e-10 0.00203954713304
4.65e-10 0.00204037817431
4.66e-10 0.00204121081944
4.67e-10 0.00204204506831
4.68e-10 0.00204288092135
4.69e-10 0.00204656440296
4.7e-10 0.00204740254879
4.71e-10 0.00204824229611
4.72e-10 0.00204908364892
4.73e-10 0.0020499266081
4.74e-10 0.00205077117525
4.75e-10 0.00205161735182
4.76e-10 0.00205246513938
4.77e-10 0.00205615719779
4.78e-10 0.00205700731851
4.79e-10 0.00205785912529
4.8e-10 0.00205871257503
4.81e-10 0.00205956767162
4.82e-10 0.00206042441149
4.83e-10 0.0020612827946
4.84e-10 0.002062142821
4.85e-10 0.0020658435873
4.86e-10 0.00206670593547
4.87e-10 0.0020675699238
4.88e-10 0.00206843555655
4.89e-10 0.00206930283468
4.9e-10 0.00207017175988
4.91e-10 0.00207104233376
4.92e-10 0.00207191455799
4.93e-10 0.00207278843432
4.94e-10 0.00207649828681
4.95e-10 0.00207737452818
4.96e-10 0.00207825249935
4.97e-10 0.00207913215615
4.98e-10 0.00208001350275
4.99e-10 0.00208089653564
5e-10 0.00208178125495
5.01e-10 0.00208266766089
5.02e-10 0.00208638608449
5.03e-10 0.0020872748464
5.04e-10 0.00208816529201
5.05e-10 0.002089057426
5.06e-10 0.00208995124949
5.07e-10 0.00209084676443
5.08e-10 0.00209174397261
5.09e-10 0.00209264287594
5.1e-10 0.00209636960727
5.11e-10 0.00209727091295
5.12e-10 0.00209817399392
5.13e-10 0.00209907880497
5.14e-10 0.00209998535052
5.15e-10 0.00210089362709
5.16e-10 0.00210180363495
5.17e-10 0.00210271537445
5.18e-10 0.0021064505713
5.19e-10 0.00210736470595
5.2e-10 0.00210828056945
5.21e-10 0.00210919816688
5.22e-10 0.00211011749953
5.23e-10 0.00211103856957
5.24e-10 0.00211196137898
5.25e-10 0.00211288592989
5.26e-10 0.00211662933136
5.27e-10 0.00211755632748
5.28e-10 0.00211848514787
5.29e-10 0.00211941574627
5.3e-10 0.00212034812737
5.31e-10 0.00212128228776
5.32e-10 0.00212221822787
5.33e-10 0.00212315594822
5.34e-10 0.00212690772688
5.35e-10 0.00212784788755
5.36e-10 0.00212878982585
5.37e-10 0.00212973354731
5.38e-10 0.0021306790534
5.39e-10 0.00213162634653
5.4e-10 0.0021325754289
5.41e-10 0.00213352630286
5.42e-10 0.00213728620121
5.43e-10 0.00213823956956
5.44e-10 0.00213919481504
5.45e-10 0.00214015189031
5.46e-10 0.00214111080035
5.47e-10 0.00214207154183
5.48e-10 0.00214303411538
5.49e-10 0.00214399852168
5.5e-10 0.00214776672814
5.51e-10 0.00214873362646
5.52e-10 0.00214970235514
5.53e-10 0.00215067292016
5.54e-10 0.00215164532322
5.55e-10 0.00215261956695
5.56e-10 0.00215359565383
5.57e-10 0.00215737128578
5.58e-10 0.00215834992078
5.59e-10 0.00215933048707
5.6e-10 0.0021603129362
5.61e-10 0.00216129727342
5.62e-10 0.00216228349545
5.63e-10 0.00216327160307
5.64e-10 0.00216426159713
5.65e-10 0.00216804549616
5.66e-10 0.00216903803798
5.67e-10 0.00217003246398
5.68e-10 0.0021710287806
5.69e-10 0.00217202698971
5.7e-10 0.00217302709421
5.71e-10 0.00217402909678
5.72e-10 0.00217782038021
5.73e-10 0.00217882499025
5.74e-10 0.00217983158931
5.75e-10 0.00218084012785
5.76e-10 0.00218185061142
5.77e-10 0.00218286303682
5.78e-10 0.00218387740502
5.79e-10 0.00218489371707
5.8e-10 0.00218869324351
5.81e-10 0.00218971216519
5.82e-10 0.00219073302865
5.83e-10 0.00219175584082
5.84e-10 0.0021927806038
5.85e-10 0.00219380732073
5.86e-10 0.00219483599455
5.87e-10 0.00219864287995
5.88e-10 0.00219967422708
5.89e-10 0.00220070762501
5.9e-10 0.00220174302305
5.91e-10 0.00220278042711
5.92e-10 0.00220381983408
5.93e-10 0.00220486124514
5.94e-10 0.00220590466155
5.95e-10 0.00220971978519
5.96e-10 0.00221076587986
5.97e-10 0.00221181397804
5.98e-10 0.00221286408718
5.99e-10 0.00221391620962
6e-10 0.00221497034879
6.01e-10 0.0022160265079
6.02e-10 0.00221984898228
6.03e-10 0.00222090788757
6.04e-10 0.00222196890979
6.05e-10 0.00222303199711
6.06e-10 0.00222409715581
6.07e-10 0.00222516438285
6.08e-10 0.00222623367967
6.09e-10 0.00223006374458
6.1e-10 0.00223113579442
6.11e-10 0.00223220991115
6.12e-10 0.00223328610259
6.13e-10 0.00223436437112
6.14e-10 0.00223544472037
6.15e-10 0.0022365271537
6.16e-10 0.00223761167465
6.17e-10 0.00224144976396
6.18e-10 0.00224253711163
6.19e-10 0.00224362664709
6.2e-10 0.00224471831731
6.21e-10 0.00224581212895
6.22e-10 0.00224690807911
6.23e-10 0.00224800616947
6.24e-10 0.00225185187552
6.25e-10 0.00225295280223
6.26e-10 0.00225405586649
6.27e-10 0.00225516107671
6.28e-10 0.00225626843555
6.29e-10 0.00225737794695
6.3e-10 0.00225848961461
6.31e-10 0.0022623427195
6.32e-10 0.00226345729813
6.33e-10 0.00226457413619
6.34e-10 0.00226569317945
6.35e-10 0.00226681443492
6.36e-10 0.00226793789978
6.37e-10 0.00226906357592
6.38e-10 0.00227292434642
6.39e-10 0.00227405294542
6.4e-10 0.00227518375323
6.41e-10 0.00227631677882
6.42e-10 0.0022774520251
6.43e-10 0.00227858949633
6.44e-10 0.0022797291965
6.45e-10 0.00228359741607
6.46e-10 0.00228474011811
6.47e-10 0.00228588515553
6.48e-10 0.00228703247292
6.49e-10 0.00228818207765
6.5e-10 0.00228933396705
6.51e-10 0.00229048814328
6.52e-10 0.00229436409419
6.53e-10 0.00229552128707
6.54e-10 0.00229668076455
6.55e-10 0.00229784253623
6.56e-10 0.0022990066053
6.57e-10 0.00230017297637
6.58e-10 0.00230134165374
6.59e-10 0.00230522512217
6.6e-10 0.0023063969001
6.61e-10 0.00230757109425
6.62e-10 0.00230874764798
6.63e-10 0.00230992656909
6.64e-10 0.00231110785507
6.65e-10 0.00231229150837
6.66e-10 0.0023161827935
6.67e-10 0.00231736956537
6.68e-10 0.00231855870262
6.69e-10 0.00231975021554
6.7e-10 0.00232094410762
6.71e-10 0.00232214038385
6.72e-10 0.00232603855084
6.73e-10 0.00232723802901
6.74e-10 0.00232844000437
6.75e-10 0.00232964441904
6.76e-10 0.00233085128122
6.77e-10 0.00233206058851
6.78e-10 0.00233327234359
6.79e-10 0.00233717843255
6.8e-10 0.00233839341015
6.81e-10 0.00233961083383
6.82e-10 0.00234083071449
6.83e-10 0.00234205305594
6.84e-10 0.00234327786351
6.85e-10 0.00234450514222
6.86e-10 0.00234841894446
6.87e-10 0.00234964953976
6.88e-10 0.00235088272325
6.89e-10 0.0023521184358
6.9e-10 0.00235335668614
6.91e-10 0.00235459747212
6.92e-10 0.00235584079679
6.93e-10 0.00235976264661
6.94e-10 0.00236100931278
6.95e-10 0.00236225851638
6.96e-10 0.00236351026911
6.97e-10 0.00236476457515
6.98e-10 0.0023660214403
6.99e-10 0.00236995035756
7e-10 0.00237121065748
7.01e-10 0.00237247363706
7.02e-10 0.00237373923591
7.03e-10 0.0023750074632
7.04e-10 0.00237627831695
7.05e-10 0.00237755180051
7.06e-10 0.00238148891305
7.07e-10 0.00238276585957
7.08e-10 0.00238404543493
7.09e-10 0.00238532765162
7.1e-10 0.00238661251414
7.11e-10 0.00238790002873
7.12e-10 0.00239184432861
7.13e-10 0.00239313540446
7.14e-10 0.00239442925681
7.15e-10 0.00239572582396
7.16e-10 0.00239702511562
7.17e-10 0.00239832713001
7.18e-10 0.00239963187086
7.19e-10 0.00240358453477
7.2e-10 0.00240489286907
7.21e-10 0.00240620392927
7.22e-10 0.00240751772866
7.23e-10 0.00240883427215
7.24e-10 0.00241015356643
7.25e-10 0.00241411355658
7.26e-10 0.00241543654822
7.27e-10 0.00241676241919
7.28e-10 0.00241809110649
7.29e-10 0.00241942262039
7.3e-10 0.00242075695937
7.31e-10 0.00242209412755
7.32e-10 0.00242606267477
7.33e-10 0.00242740357697
7.34e-10 0.00242874730829
7.35e-10 0.00243009388291
7.36e-10 0.00243144330617
7.37e-10 0.00243279558528
7.38e-10 0.00243677161888
7.39e-10 0.00243812774196
7.4e-10 0.00243948685373
7.41e-10 0.00244084888989
7.42e-10 0.00244221386129
7.43e-10 0.00244358176673
7.44e-10 0.00244756565435
7.45e-10 0.00244893744005
7.46e-10 0.00245031215883
7.47e-10 0.00245168982539
7.48e-10 0.00245307044525
7.49e-10 0.00245445402592
7.5e-10 0.00245844558208
7.51e-10 0.0024598331552
7.52e-10 0.0024612238258
7.53e-10 0.00246261752821
7.54e-10 0.00246401427381
7.55e-10 0.00246541406161
7.56e-10 0.00246681689654
7.57e-10 0.00247081746716
7.58e-10 0.00247222433985
7.59e-10 0.00247363426054
7.6e-10 0.00247504724527
7.61e-10 0.00247646330026
7.62e-10 0.00247788243382
7.63e-10 0.00248189087145
7.64e-10 0.00248331416527
7.65e-10 0.00248474067944
7.66e-10 0.00248617034696
7.67e-10 0.00248760318
7.68e-10 0.00248903917796
7.69e-10 0.00249305588822
7.7e-10 0.00249449609163
7.71e-10 0.00249593946012
7.72e-10 0.0024973860104
7.73e-10 0.00249883574897
7.74e-10 0.00250028868453
7.75e-10 0.00250431348942
7.76e-10 0.00250577075617
7.77e-10 0.00250723136602
7.78e-10 0.00250869525055
7.79e-10 0.00251016242256
7.8e-10 0.00251163288176
7.81e-10 0.00251566620219
7.82e-10 0.0025171410418
7.83e-10 0.00251861916925
7.84e-10 0.00252010060231
7.85e-10 0.00252158534798
7.86e-10 0.00252307341558
7.87e-10 0.00252711507646
7.88e-10 0.00252860765712
7.89e-10 0.00253010371068
7.9e-10 0.00253160316735
7.91e-10 0.00253310604065
7.92e-10 0.00253461233068
7.93e-10 0.00253866277391
7.94e-10 0.00254017363139
7.95e-10 0.00254168790694
7.96e-10 0.00254320561948
7.97e-10 0.00254472677657
7.98e-10 0.00254625138823
7.99e-10 0.00255031044368
8e-10 0.0025518397632
8.01e-10 0.00255337269342
8.02e-10 0.00255490916318
8.03e-10 0.0025564491868
8.04e-10 0.00255799276481
8.05e-10 0.00256206089753
8.06e-10 0.00256360924358
8.07e-10 0.00256516114618
8.08e-10 0.00256671662547
8.09e-10 0.00256827568966
8.1e-10 0.00256983834953
8.11e-10 0.00257391539552
8.12e-10 0.00257548297227
8.13e-10 0.00257705430629
8.14e-10 0.00257862932504
8.15e-10 0.00258020804371
8.16e-10 0.00258179046331
8.17e-10 0.0025858769127
8.18e-10 0.00258746431575
8.19e-10 0.00258905542281
8.2e-10 0.00259065025537
8.21e-10 0.00259224882232
8.22e-10 0.00259634325664
8.23e-10 0.00259794694897
8.24e-10 0.00259955454305
8.25e-10 0.00260116596489
8.26e-10 0.00260278123046
8.27e-10 0.00260440034121
8.28e-10 0.00260850451656
8.29e-10 0.00261012882456
8.3e-10 0.00261175698155
8.31e-10 0.00261338901029
8.32e-10 0.00261502492032
8.33e-10 0.002616664724
8.34e-10 0.00262077848887
8.35e-10 0.0026224236563
8.36e-10 0.00262407289038
8.37e-10 0.00262572611575
8.38e-10 0.00262738334944
8.39e-10 0.00262904459358
8.4e-10 0.00263316849047
8.41e-10 0.00263483517859
8.42e-10 0.00263650588224
8.43e-10 0.00263818062575
8.44e-10 0.00263985941952
8.45e-10 0.00264399189252
8.46e-10 0.00264567628888
8.47e-10 0.00264736491503
8.48e-10 0.00264905769416
8.49e-10 0.00265075464423
8.5e-10 0.00265245576791
8.51e-10 0.00265659877796
8.52e-10 0.00265830559123
8.53e-10 0.00266001658423
8.54e-10 0.00266173178277
8.55e-10 0.00266345119803
8.56e-10 0.00266760311335
8.57e-10 0.00266932838544
8.58e-10 0.00267105806007
8.59e-10 0.00267279205903
8.6e-10 0.00267453040135
8.61e-10 0.00267627309035
8.62e-10 0.00268043598226
8.63e-10 0.00268218462312
8.64e-10 0.00268393761801
8.65e-10 0.0026856949944
8.66e-10 0.00268745676435
8.67e-10 0.0026892229432
8.68e-10 0.00269339668991
8.69e-10 0.00269516901957
8.7e-10 0.00269694595069
8.71e-10 0.00269872740364
8.72e-10 0.00270051339885
8.73e-10 0.00270469696203
8.74e-10 0.00270648919776
8.75e-10 0.00270828597579
8.76e-10 0.00271008732485
8.77e-10 0.00271189325757
8.78e-10 0.00271608649081
8.79e-10 0.00271789884649
8.8e-10 0.00271971598482
8.81e-10 0.00272153782464
8.82e-10 0.00272336438729
8.83e-10 0.00272519567757
8.84e-10 0.00272940089618
8.85e-10 0.0027312387218
8.86e-10 0.00273308128526
8.87e-10 0.00273492861763
8.88e-10 0.00273678073298
8.89e-10 0.0027409960423
8.9e-10 0.00274285489115
8.91e-10 0.00274471873018
8.92e-10 0.00274658747692
8.93e-10 0.00274846115419
8.94e-10 0.00275033976777
8.95e-10 0.00275456763054
8.96e-10 0.00275645310218
8.97e-10 0.00275834352234
8.98e-10 0.00276023892418
8.99e-10 0.00276213932298
9e-10 0.00276637774654
9.01e-10 0.0027682852143
9.02e-10 0.00277019789439
9.03e-10 0.00277211570296
9.04e-10 0.00277403866436
9.05e-10 0.00277828825901
9.06e-10 0.00278021840435
9.07e-10 0.00278215370687
9.08e-10 0.00278409420122
9.09e-10 0.00278603990333
9.1e-10 0.00278799083319
9.11e-10 0.00279225350658
9.12e-10 0.00279421186764
9.13e-10 0.00279617567899
9.14e-10 0.00279814485535
9.15e-10 0.00280011942263
9.16e-10 0.00280439381952
9.17e-10 0.00280637594336
9.18e-10 0.00280836346443
9.19e-10 0.00281035641977
9.2e-10 0.00281235482666
9.21e-10 0.00281664083482
9.22e-10 0.00281864702987
9.23e-10 0.00282065890801
9.24e-10 0.00282267638252
9.25e-10 0.0028246994808
9.26e-10 0.00282899776862
9.27e-10 0.00283102878989
9.28e-10 0.00283306544299
9.29e-10 0.00283510776722
9.3e-10 0.0028371557812
9.31e-10 0.00284146624594
9.32e-10 0.00284352242798
9.33e-10 0.00284558454007
9.34e-10 0.00284765249414
9.35e-10 0.00284972631931
9.36e-10 0.00285404966367
9.37e-10 0.00285613180311
9.38e-10 0.00285821982386
9.39e-10 0.00286031376774
9.4e-10 0.00286241365483
9.41e-10 0.00286451950993
9.42e-10 0.00286885809673
9.43e-10 0.00287097256433
9.44e-10 0.00287309324983
9.45e-10 0.00287522006397
9.46e-10 0.00287735303806
9.47e-10 0.00288170521425
9.48e-10 0.00288384696265
9.49e-10 0.00288599488432
9.5e-10 0.0028881490242
9.51e-10 0.00289030940426
9.52e-10 0.00289467509959
9.53e-10 0.00289684453343
9.54e-10 0.00289902046852
9.55e-10 0.00290120281423
9.56e-10 0.00290339160387
9.57e-10 0.00290777160682
9.58e-10 0.0029099696255
9.59e-10 0.00291217410416
9.6e-10 0.00291438509067
9.61e-10 0.00291660260878
9.62e-10 0.00292099686544
9.63e-10 0.00292322391001
9.64e-10 0.00292545775805
9.65e-10 0.00292769831775
9.66e-10 0.00292994562466
9.67e-10 0.00293435496848
9.68e-10 0.00293661199264
9.69e-10 0.00293887578324
9.7e-10 0.00294114639141
9.71e-10 0.00294342384286
9.72e-10 0.00294784823996
9.73e-10 0.00295013572609
9.74e-10 0.00295243033906
9.75e-10 0.00295473198593
9.76e-10 0.0029591691944
9.77e-10 0.00296148105261
9.78e-10 0.00296379997844
9.79e-10 0.00296612602461
9.8e-10 0.00296845921808
9.81e-10 0.00297291228673
9.82e-10 0.00297525601211
9.83e-10 0.0029776071783
9.84e-10 0.00297996569101
9.85e-10 0.00298233159043
9.86e-10 0.00298680143799
9.87e-10 0.00298917809184
9.88e-10 0.00299156215842
9.89e-10 0.00299395369576
9.9e-10 0.00299635273382
9.91e-10 0.00300083936845
9.92e-10 0.00300324952072
9.93e-10 0.00300566748179
9.94e-10 0.00300809315663
9.95e-10 0.00301052658854
9.96e-10 0.00301503099899
9.97e-10 0.00301747579094
9.98e-10 0.00301992837098
9.99e-10 0.00302238880141
1e-09 0.0030248571149
1.001e-09 0.003029379343
1.002e-09 0.00303185940354
1.003e-09 0.0030343476699
1.004e-09 0.00303684404623
1.005e-09 0.00304138134305
1.006e-09 0.00304388969235
1.007e-09 0.00304640619972
1.008e-09 0.00304893092983
1.009e-09 0.00305146391727
1.01e-09 0.00305602007188
1.011e-09 0.00305856542766
1.012e-09 0.00306111937618
1.013e-09 0.00306368182054
1.014e-09 0.00306625281026
1.015e-09 0.0030708289282
1.016e-09 0.00307341257649
1.017e-09 0.00307600481125
1.018e-09 0.00307860570373
1.019e-09 0.00308121529241
1.02e-09 0.00308581148132
1.021e-09 0.00308843417242
1.022e-09 0.00309106591324
1.023e-09 0.00309370660655
1.024e-09 0.00309831970897
1.025e-09 0.00310097377186
1.026e-09 0.00310363684776
1.027e-09 0.00310630901109
1.028e-09 0.00310899030281
1.029e-09 0.00311362471271
1.03e-09 0.00311631983139
1.031e-09 0.00311902444705
1.032e-09 0.00312173846174
1.033e-09 0.00312446193271
1.034e-09 0.00312911890959
1.035e-09 0.00313185655503
1.036e-09 0.00313460371115
1.037e-09 0.00313736046004
1.038e-09 0.00314203543885
1.039e-09 0.00314480678776
1.04e-09 0.00314758811157
1.041e-09 0.00315037931233
1.042e-09 0.0031531804516
1.043e-09 0.00315787940453
1.044e-09 0.00316069552629
1.045e-09 0.00316352164859
1.046e-09 0.00316635785943
1.047e-09 0.0031692042084
1.048e-09 0.0031739273855
1.049e-09 0.00317678926942
1.05e-09 0.0031796617006
1.051e-09 0.00318254458113
1.052e-09 0.00318728808513
1.053e-09 0.00319018684742
1.054e-09 0.00319309614434
1.055e-09 0.00319601606845
1.056e-09 0.00319894667294
1.057e-09 0.00320371602108
1.058e-09 0.0032066630827
1.059e-09 0.00320962125337
1.06e-09 0.00321259043513
1.061e-09 0.00321738143371
1.062e-09 0.00322036744849
1.063e-09 0.00322336456909
1.064e-09 0.00322637289492
1.065e-09 0.00322939248392
1.066e-09 0.00323421108151
1.067e-09 0.00323724812406
1.068e-09 0.00324029688103
1.069e-09 0.00324335725494
1.07e-09 0.00324819894885
1.071e-09 0.00325127718681
1.072e-09 0.00325436714755
1.073e-09 0.00325746893818
1.074e-09 0.003260582622
1.075e-09 0.00326545383703
1.076e-09 0.00326858605655
1.077e-09 0.00327173064533
1.078e-09 0.00327488750677
1.079e-09 0.00327978340538
1.08e-09 0.00328295925207
1.081e-09 0.00328614748992
1.082e-09 0.00328934823457
1.083e-09 0.0032925615553
1.084e-09 0.00329748908717
1.085e-09 0.00330072212202
1.086e-09 0.00330396823625
1.087e-09 0.00330722733458
1.088e-09 0.00331218129712
1.089e-09 0.00331546060299
1.09e-09 0.00331875302585
1.091e-09 0.00332205869076
1.092e-09 0.00332537767371
1.093e-09 0.00333036559612
1.094e-09 0.00333370557949
1.095e-09 0.00333705941409
1.096e-09 0.0033404270065
1.097e-09 0.00334544328716
1.098e-09 0.00334883242277
1.099e-09 0.0033522354654
1.1e-09 0.00335565255058
1.101e-09 0.00335908376185
1.102e-09 0.00336413657118
1.103e-09 0.00336759019028
1.104e-09 0.00337105850154
1.105e-09 0.00337454141403
1.106e-09 0.00337962471327
1.107e-09 0.00338313063203
1.108e-09 0.00338665131981
1.109e-09 0.00339018692378
1.11e-09 0.00339373753599
1.111e-09 0.00339886020681
1.112e-09 0.00340243477054
1.113e-09 0.00340602494491
1.114e-09 0.00340963064218
1.115e-09 0.00341478616595
1.116e-09 0.00341841647612
1.117e-09 0.0034220624982
1.118e-09 0.00342572439236
1.119e-09 0.00343091322222
1.12e-09 0.00343460056682
1.121e-09 0.00343830441249
1.122e-09 0.00344202467502
1.123e-09 0.00344576148176
1.124e-09 0.00345099512539
1.125e-09 0.00345475828209
1.126e-09 0.00345853817691
1.127e-09 0.00346233498701
1.128e-09 0.00346760463597
