1e-08 0.00689304547987 0.00689304547987
2e-08 0.00689269028563 0.00689269028563
3e-08 0.00689167238637 0.00689167238637
4e-08 0.00689005885523 0.00689005885523
5e-08 0.00688790896378 0.00688790896378
6e-08 0.00688526578716 0.00688526578716
7e-08 0.00688217182632 0.00688217182632
8e-08 0.00687865812317 0.00687865812317
9e-08 0.00687475649389 0.00687475649389
1e-07 0.00687048980749 0.00687048980749
1.1e-07 0.00686588228605 0.00686588228605
1.2e-07 0.00686095081668 0.00686095081668
1.3e-07 0.00685571395371 0.00685571395371
1.4e-07 0.0068501840501 0.0068501840501
1.5e-07 0.00684437530909 0.00684437530909
1.6e-07 0.00683829657307 0.00683829657307
1.7e-07 0.00683195864068 0.00683195864068
1.8e-07 0.00682536759527 0.00682536759527
1.9e-07 0.00681853153208 0.00681853153208
2e-07 0.00681145434002 0.00681145434002
2.1e-07 0.00680414194136 0.00680414194136
2.2e-07 0.00679659646118 0.00679659646118
2.3e-07 0.00678882205558 0.00678882205558
2.4e-07 0.00678081941764 0.00678081941764
2.5e-07 0.00677259125235 0.00677259125235
2.6e-07 0.00676413707849 0.00676413707849
2.7e-07 0.00675545839559 0.00675545839559
2.8e-07 0.00674655374899 0.00674655374899
2.9e-07 0.00673742362533 0.00673742362533
3e-07 0.00672806575365 0.00672806575365
3.1e-07 0.00671847975893 0.00671847975893
3.2e-07 0.00670866267674 0.00670866267674
3.3e-07 0.00669861338951 0.00669861338951
3.4e-07 0.00668832833538 0.00668832833538
3.5e-07 0.00667780574767 0.00667780574767
3.6e-07 0.00666704154186 0.00666704154186
3.7e-07 0.00665603337551 0.00665603337551
3.8e-07 0.00664477669922 0.00664477669922
3.9e-07 0.00663326865191 0.00663326865191
4e-07 0.00662150426349 0.00662150426349
4.1e-07 0.0066094801984 0.0066094801984
4.2e-07 0.00659719109915 0.00659719109915
4.3e-07 0.00658463318929 0.00658463318929
4.4e-07 0.00657180074836 0.00657180074836
4.5e-07 0.00655868958404 0.00655868958404
4.6e-07 0.0065452936301 0.0065452936301
4.7e-07 0.00653160829641 0.00653160829641
4.8e-07 0.00651762718224 0.00651762718224
4.9e-07 0.00650334531185 0.00650334531185
5e-07 0.00648875595641 0.00648875595641
5.1e-07 0.00647385376197 0.00647385376197
5.2e-07 0.00645863167392 0.00645863167392
5.3e-07 0.00644308396345 0.00644308396345
5.4e-07 0.00642720324901 0.00642720324901
5.5e-07 0.00641098342691 0.00641098342691
5.6e-07 0.00639441678457 0.00639441678457
5.7e-07 0.00637749684038 0.00637749684038
5.8e-07 0.00636021554418 0.00636021554418
5.9e-07 0.00634256603083 0.00634256603083
6e-07 0.00632453990377 0.00632453990377
6.1e-07 0.0063061299065 0.0063061299065
6.2e-07 0.00628732728527 0.00628732728527
6.3e-07 0.00626812438235 0.00626812438235
6.4e-07 0.0062485120742 0.0062485120742
6.5e-07 0.00622848229015 0.00622848229015
6.6e-07 0.00620802552265 0.00620802552265
6.7e-07 0.00618713327462 0.00618713327462
6.8e-07 0.00616579563868 0.00616579563868
6.9e-07 0.0061440036763 0.0061440036763
7e-07 0.00612174706299 0.00612174706299
7.1e-07 0.0060990164021 0.0060990164021
7.2e-07 0.00607580093327 0.00607580093327
7.3e-07 0.0060520907836 0.0060520907836
7.4e-07 0.00602787473667 0.00602787473667
7.5e-07 0.00600314242359 0.00600314242359
7.6e-07 0.00597788215025 0.00597788215025
7.7e-07 0.0059520830306 0.0059520830306
7.8e-07 0.00592573286967 0.00592573286967
7.9e-07 0.0058988202415 0.0058988202415
8e-07 0.00587133242561 0.00587133242561
8.1e-07 0.00584325743176 0.00584325743176
8.2e-07 0.00581458198775 0.00581458198775
8.3e-07 0.00578529351304 0.00578529351304
8.4e-07 0.00575537815581 0.00575537815581
8.5e-07 0.00572482271749 0.00572482271749
8.6e-07 0.00569361273699 0.00569361273699
8.7e-07 0.00566173436821 0.00566173436821
8.8e-07 0.00562917250931 0.00562917250931
8.9e-07 0.00559591263517 0.00559591263517
9e-07 0.00556193896981 0.00556193896981
9.1e-07 0.00552723627559 0.00552723627559
9.2e-07 0.00549178806686 0.00549178806686
9.3e-07 0.00545557835785 0.00545557835785
9.4e-07 0.00541858991551 0.00541858991551
9.5e-07 0.00538080596799 0.00538080596799
9.6e-07 0.00534220849475 0.00534220849475
9.7e-07 0.00530277989742 0.00530277989742
9.8e-07 0.00526250132536 0.00526250132536
9.9e-07 0.00522135431066 0.00522135431066
1e-06 0.00517931912718 0.00517931912718
1.01e-06 0.00513637639164 0.00513637639164
1.02e-06 0.00509250545407 0.00509250545407
1.03e-06 0.005047685967 0.005047685967
1.04e-06 0.00500189630519 0.00500189630519
1.05e-06 0.00495511510488 0.00495511510488
1.06e-06 0.00490731971079 0.00490731971079
1.07e-06 0.00485848768735 0.00485848768735
1.08e-06 0.00480859529084 0.00480859529084
1.09e-06 0.0047576189547 0.0047576189547
1.1e-06 0.00470553378458 0.00470553378458
1.11e-06 0.00465231501988 0.00465231501988
1.12e-06 0.00459793654937 0.00459793654937
1.13e-06 0.00454237235125 0.00454237235125
1.14e-06 0.00448559502698 0.00448559502698
1.15e-06 0.00442757722216 0.00442757722216
1.16e-06 0.0043682901761 0.0043682901761
1.17e-06 0.00430770512606 0.00430770512606
1.18e-06 0.00424579186999 0.00424579186999
1.19e-06 0.00418252015674 0.00418252015674
1.2e-06 0.00411785825936 0.00411785825936
1.21e-06 0.00405177435418 0.00405177435418
1.22e-06 0.00398423510193 0.00398423510193
1.23e-06 0.00391520701877 0.00391520701877
1.24e-06 0.00384465506261 0.00384465506261
1.25e-06 0.00377254399952 0.00377254399952
1.26e-06 0.00369883699248 0.00369883699248
1.27e-06 0.00362349696734 0.00362349696734
1.28e-06 0.00354648520141 0.00354648520141
1.29e-06 0.00346776269352 0.00346776269352
1.3e-06 0.00338728875062 0.00338728875062
1.31e-06 0.00330502236768 0.00330502236768
1.32e-06 0.00322092081112 0.00322092081112
1.33e-06 0.00313494101613 0.00313494101613
1.34e-06 0.00304703816771 0.00304703816771
1.35e-06 0.00295716712597 0.00295716712597
1.36e-06 0.00286528100918 0.00286528100918
1.37e-06 0.00277133266334 0.00277133266334
1.38e-06 0.00267527325868 0.00267527325868
1.39e-06 0.00257705383085 0.00257705383085
1.4e-06 0.00247662391745 0.00247662391745
1.41e-06 0.00237393322068 0.00237393322068
1.42e-06 0.0022689303434 0.0022689303434
1.43e-06 0.00216156467372 0.00216156467372
1.44e-06 0.0020517853572 0.0020517853572
1.45e-06 0.00193954362615 0.00193954362615
1.46e-06 0.00182479234138 0.00182479234138
1.47e-06 0.00170748931723 0.00170748931723
1.48e-06 0.00158759832721 0.00158759832721
1.49e-06 0.00146509497249 0.00146509497249
1.5e-06 0.00133997188812 0.00133997188812
1.51e-06 0.00121225227119 0.00121225227119
1.52e-06 0.00108200932566 0.00108200932566
1.53e-06 0.00094940850515 0.00094940850515
1.54e-06 0.000814788854878 0.000814788854878
1.55e-06 0.000678852659659 0.000678852659659
1.56e-06 0.000543141097235 0.000543141097235
1.57e-06 0.000411443582085 0.000411443582085
1.58e-06 0.000294613516942 0.000294613516942
1.59e-06 0.000225477696668 0.000225477696668
1.6e-06 0.000254812820056 0.000254812820056
1.61e-06 0.000364424323177 0.000364424323177
1.62e-06 0.000508377006151 0.000508377006151
1.63e-06 0.000667901577798 0.000667901577798
1.64e-06 0.000836811407033 0.000836811407033
1.65e-06 0.00101278528649 0.00101278528649
1.66e-06 0.00119484529932 0.00119484529932
1.67e-06 0.00138255989439 0.00138255989439
1.68e-06 0.0015757545077 0.0015757545077
1.69e-06 0.00177438671243 0.00177438671243
1.7e-06 0.00197849204861 0.00197849204861
1.71e-06 0.00218815262779 0.00218815262779
1.72e-06 0.0024034846444 0.0024034846444
1.73e-06 0.00262462680526 0.00262462680526
1.74e-06 0.00285173841693 0.00285173841693
1.75e-06 0.00308499331106 0.00308499331106
1.76e-06 0.00332458145815 0.00332458145815
1.77e-06 0.0035707046815 0.0035707046815
1.78e-06 0.00382357979105 0.00382357979105
1.79e-06 0.00408343491279 0.00408343491279
1.8e-06 0.0043505134834 0.0043505134834
1.81e-06 0.00462507076417 0.00462507076417
1.82e-06 0.00490737846882 0.00490737846882
1.83e-06 0.00519772128489 0.00519772128489
1.84e-06 0.00549640206875 0.00549640206875
1.85e-06 0.00580373829667 0.00580373829667
1.86e-06 0.00612006783198 0.00612006783198
1.87e-06 0.00644574527232 0.00644574527232
