1e-08 0.00700065043089 0.00700065043089
2e-08 0.00700041024564 0.00700041024564
3e-08 0.0069997247666 0.0069997247666
4e-08 0.00699863805587 0.00699863805587
5e-08 0.00699718929013 0.00699718929013
6e-08 0.00699540687524 0.00699540687524
7e-08 0.00699331901631 0.00699331901631
8e-08 0.00699094625709 0.00699094625709
9e-08 0.00698830978189 0.00698830978189
1e-07 0.0069854247674 0.0069854247674
1.1e-07 0.00698230738554 0.00698230738554
1.2e-07 0.00697896886548 0.00697896886548
1.3e-07 0.00697542162234 0.00697542162234
1.4e-07 0.00697167387967 0.00697167387967
1.5e-07 0.00696773515716 0.00696773515716
1.6e-07 0.00696361134137 0.00696361134137
1.7e-07 0.00695930967789 0.00695930967789
1.8e-07 0.00695483420933 0.00695483420933
1.9e-07 0.00695019036935 0.00695019036935
2e-07 0.00694538072827 0.00694538072827
2.1e-07 0.00694040925819 0.00694040925819
2.2e-07 0.0069352773418 0.0069352773418
2.3e-07 0.00692998775961 0.00692998775961
2.4e-07 0.00692454092636 0.00692454092636
2.5e-07 0.00691893864044 0.00691893864044
2.6e-07 0.00691318051997 0.00691318051997
2.7e-07 0.00690726754495 0.00690726754495
2.8e-07 0.0069011986711 0.0069011986711
2.9e-07 0.00689497418842 0.00689497418842
3e-07 0.00688859249496 0.00688859249496
3.1e-07 0.0068820532924 0.0068820532924
3.2e-07 0.00687535450348 0.00687535450348
3.3e-07 0.00686849532132 0.00686849532132
3.4e-07 0.00686147325774 0.00686147325774
3.5e-07 0.00685428706022 0.00685428706022
3.6e-07 0.00684693387995 0.00684693387995
3.7e-07 0.00683941206809 0.00683941206809
3.8e-07 0.0068317184542 0.0068317184542
3.9e-07 0.00682385103174 0.00682385103174
4e-07 0.00681580633831 0.00681580633831
4.1e-07 0.00680758203952 0.00680758203952
4.2e-07 0.0067991744036 0.0067991744036
4.3e-07 0.00679058079095 0.00679058079095
4.4e-07 0.00678179721697 0.00678179721697
4.5e-07 0.00677282075383 0.00677282075383
4.6e-07 0.00676364717569 0.00676364717569
4.7e-07 0.00675427327871 0.00675427327871
4.8e-07 0.00674469460358 0.00674469460358
4.9e-07 0.00673490767863 0.00673490767863
5e-07 0.00672490781545 0.00672490781545
5.1e-07 0.00671469127956 0.00671469127956
5.2e-07 0.006704253155 0.006704253155
5.3e-07 0.00669358944682 0.00669358944682
5.4e-07 0.00668269501076 0.00668269501076
5.5e-07 0.00667156559135 0.00667156559135
5.6e-07 0.00666019581322 0.00666019581322
5.7e-07 0.0066485811585 0.0066485811585
5.8e-07 0.00663671601616 0.00663671601616
5.9e-07 0.00662459560211 0.00662459560211
6e-07 0.00661221406391 0.00661221406391
6.1e-07 0.00659956634582 0.00659956634582
6.2e-07 0.00658664634674 0.00658664634674
6.3e-07 0.00657344873264 0.00657344873264
6.4e-07 0.00655996714539 0.00655996714539
6.5e-07 0.00654619596474 0.00654619596474
6.6e-07 0.00653212856585 0.00653212856585
6.7e-07 0.00651775903333 0.00651775903333
6.8e-07 0.00650308046509 0.00650308046509
6.9e-07 0.00648808664045 0.00648808664045
7e-07 0.00647277036849 0.00647277036849
7.1e-07 0.0064571251121 0.0064571251121
7.2e-07 0.00644114337917 0.00644114337917
7.3e-07 0.006424818304 0.006424818304
7.4e-07 0.00640814207972 0.00640814207972
7.5e-07 0.00639110749907 0.00639110749907
7.6e-07 0.00637370642622 0.00637370642622
7.7e-07 0.00635593129809 0.00635593129809
7.8e-07 0.00633777363463 0.00633777363463
7.9e-07 0.00631922550204 0.00631922550204
8e-07 0.00630027805978 0.00630027805978
8.1e-07 0.0062809229873 0.0062809229873
8.2e-07 0.00626115106644 0.00626115106644
8.3e-07 0.00624095357281 0.00624095357281
8.4e-07 0.00622032089246 0.00622032089246
8.5e-07 0.0061992438791 0.0061992438791
8.6e-07 0.00617771250376 0.00617771250376
8.7e-07 0.00615571717901 0.00615571717901
8.8e-07 0.00613324744059 0.00613324744059
8.9e-07 0.00611029323961 0.00611029323961
9e-07 0.00608684365504 0.00608684365504
9.1e-07 0.00606288815495 0.00606288815495
9.2e-07 0.00603841533888 0.00603841533888
9.3e-07 0.00601341416905 0.00601341416905
9.4e-07 0.0059878727416 0.0059878727416
9.5e-07 0.00596177948875 0.00596177948875
9.6e-07 0.00593512197788 0.00593512197788
9.7e-07 0.0059078880856 0.0059078880856
9.8e-07 0.00588006482379 0.00588006482379
9.9e-07 0.00585163948636 0.00585163948636
1e-06 0.00582259850123 0.00582259850123
1.01e-06 0.00579292855092 0.00579292855092
1.02e-06 0.00576261544944 0.00576261544944
1.03e-06 0.00573164523744 0.00573164523744
1.04e-06 0.00570000308318 0.00570000308318
1.05e-06 0.00566767435317 0.00566767435317
1.06e-06 0.0056346435362 0.0056346435362
1.07e-06 0.00560089529037 0.00560089529037
1.08e-06 0.00556641338925 0.00556641338925
1.09e-06 0.0055311817461 0.0055311817461
1.1e-06 0.0054951833813 0.0054951833813
1.11e-06 0.00545840142461 0.00545840142461
1.12e-06 0.00542081810289 0.00542081810289
1.13e-06 0.00538241572123 0.00538241572123
1.14e-06 0.00534317567006 0.00534317567006
1.15e-06 0.00530307938608 0.00530307938608
1.16e-06 0.00526210737763 0.00526210737763
1.17e-06 0.00522024016638 0.00522024016638
1.18e-06 0.00517745732996 0.00517745732996
1.19e-06 0.00513373842534 0.00513373842534
1.2e-06 0.00508906204764 0.00508906204764
1.21e-06 0.00504340673612 0.00504340673612
1.22e-06 0.00499675004814 0.00499675004814
1.23e-06 0.00494906944874 0.00494906944874
1.24e-06 0.0049003413985 0.0049003413985
1.25e-06 0.00485054222786 0.00485054222786
1.26e-06 0.00479964723771 0.00479964723771
1.27e-06 0.0047476315594 0.0047476315594
1.28e-06 0.00469446926686 0.00469446926686
1.29e-06 0.00464013422344 0.00464013422344
1.3e-06 0.0045845992043 0.0045845992043
1.31e-06 0.00452783673125 0.00452783673125
1.32e-06 0.00446981820397 0.00446981820397
1.33e-06 0.00441051472418 0.00441051472418
1.34e-06 0.00434989623423 0.00434989623423
1.35e-06 0.00428793233202 0.00428793233202
1.36e-06 0.00422459141547 0.00422459141547
1.37e-06 0.0041598414896 0.0041598414896
1.38e-06 0.00409364931532 0.00409364931532
1.39e-06 0.00402598121039 0.00402598121039
1.4e-06 0.00395680220095 0.00395680220095
1.41e-06 0.00388607681808 0.00388607681808
1.42e-06 0.00381376825055 0.00381376825055
1.43e-06 0.00373983913905 0.00373983913905
1.44e-06 0.00366425072877 0.00366425072877
1.45e-06 0.00358696366365 0.00358696366365
1.46e-06 0.00350793713741 0.00350793713741
1.47e-06 0.00342712969115 0.00342712969115
1.48e-06 0.00334449836175 0.00334449836175
1.49e-06 0.00325999948678 0.00325999948678
1.5e-06 0.00317358785055 0.00317358785055
1.51e-06 0.00308521750163 0.00308521750163
1.52e-06 0.00299484089845 0.00299484089845
1.53e-06 0.00290240974781 0.00290240974781
1.54e-06 0.00280787415527 0.00280787415527
1.55e-06 0.00271118349828 0.00271118349828
1.56e-06 0.0026122855938 0.0026122855938
1.57e-06 0.00251112763044 0.00251112763044
1.58e-06 0.0024076553806 0.0024076553806
1.59e-06 0.00230181423888 0.00230181423888
1.6e-06 0.00219354854048 0.00219354854048
1.61e-06 0.00208280280615 0.00208280280615
1.62e-06 0.00196952131158 0.00196952131158
1.63e-06 0.00185364977426 0.00185364977426
1.64e-06 0.00173513554231 0.00173513554231
1.65e-06 0.00161393034245 0.00161393034245
1.66e-06 0.00148999213783 0.00148999213783
1.67e-06 0.00136329081736 0.00136329081736
1.68e-06 0.0012338152179 0.0012338152179
1.69e-06 0.00110158865268 0.00110158865268
1.7e-06 0.000966695596608 0.000966695596608
1.71e-06 0.000829340117584 0.000829340117584
1.72e-06 0.000689975551061 0.000689975551061
1.73e-06 0.000549644706328 0.000549644706328
1.74e-06 0.000411022213677 0.000411022213677
1.75e-06 0.00028240826565 0.00028240826565
1.76e-06 0.000194828113046 0.000194828113046
1.77e-06 0.000217192353124 0.000217192353124
1.78e-06 0.000333548143918 0.000333548143918
1.79e-06 0.000484055333025 0.000484055333025
1.8e-06 0.000648622740257 0.000648622740257
1.81e-06 0.000821655774831 0.000821655774831
1.82e-06 0.00100124634649 0.00100124634649
1.83e-06 0.00118664642813 0.00118664642813
1.84e-06 0.00137755819422 0.00137755819422
1.85e-06 0.00157388697105 0.00157388697105
1.86e-06 0.00177564380125 0.00177564380125
1.87e-06 0.00198289905614 0.00198289905614
1.88e-06 0.00219576199271 0.00219576199271
1.89e-06 0.00241436740757 0.00241436740757
1.9e-06 0.00263887101384 0.00263887101384
1.91e-06 0.00286944399896 0.00286944399896
1.92e-06 0.00310627290115 0.00310627290115
1.93e-06 0.00334955656006 0.00334955656006
1.94e-06 0.0035995076641 0.0035995076641
1.95e-06 0.00385635054291 0.00385635054291
1.96e-06 0.0041203235285 0.0041203235285
1.97e-06 0.00439167707083 0.00439167707083
1.98e-06 0.00467067662529 0.00467067662529
1.99e-06 0.00495760089654 0.00495760089654
2e-06 0.00525274516093 0.00525274516093
2.01e-06 0.00555641956236 0.00555641956236
2.02e-06 0.00586895285714 0.00586895285714
2.03e-06 0.00619069073636 0.00619069073636
2.04e-06 0.00652200001954 0.00652200001954
2.05e-06 0.00686326700384 0.00686326700384
2.06e-06 0.00721490215779 0.00721490215779
2.07e-06 0.00757733851465 0.00757733851465
2.08e-06 0.00795103693809 0.00795103693809
2.09e-06 0.00833648459233 0.00833648459233
2.1e-06 0.00873420087278 0.00873420087278
2.11e-06 0.00914473600197 0.00914473600197
2.12e-06 0.00956867774311 0.00956867774311
2.13e-06 0.0100066501911 0.0100066501911
2.14e-06 0.0104593214182 0.0104593214182
2.15e-06 0.0109274025554 0.0109274025554
2.16e-06 0.0114116565594 0.0114116565594
2.17e-06 0.0119128977165 0.0119128977165
2.18e-06 0.0124320017719 0.0124320017719
2.19e-06 0.0129699060362 0.0129699060362
2.2e-06 0.0135276211904 0.0135276211904
2.21e-06 0.0141062322432 0.0141062322432
2.22e-06 0.0147069124195 0.0147069124195
2.23e-06 0.0153309253128 0.0153309253128
2.24e-06 0.015979641398 0.015979641398
2.25e-06 0.0166545418578 0.0166545418578
2.26e-06 0.017357238446 0.017357238446
2.27e-06 0.0180894796619 0.0180894796619
2.28e-06 0.0188531749527 0.0188531749527
2.29e-06 0.0196504041941 0.0196504041941
2.3e-06 0.0204834475983 0.0204834475983
2.31e-06 0.021354799881 0.021354799881
2.32e-06 0.0222672077959 0.0222672077959
2.33e-06 0.0232236910014 0.0232236910014
2.34e-06 0.0242275899722 0.0242275899722
2.35e-06 0.0252825965482 0.0252825965482
2.36e-06 0.0263928162382 0.0263928162382
