1e-08 0.00705458293088 0.00705458293088
2e-08 0.00705440151042 0.00705440151042
3e-08 0.00705388480274 0.00705388480274
4e-08 0.00705306561248 0.00705306561248
5e-08 0.00705197319689 0.00705197319689
6e-08 0.00705062874442 0.00705062874442
7e-08 0.00704905336046 0.00704905336046
8e-08 0.00704726239587 0.00704726239587
9e-08 0.00704527172824 0.00704527172824
1e-07 0.00704309271359 0.00704309271359
1.1e-07 0.00704073748863 0.00704073748863
1.2e-07 0.00703821446366 0.00703821446366
1.3e-07 0.00703553296605 0.00703553296605
1.4e-07 0.00703269915805 0.00703269915805
1.5e-07 0.00702972019727 0.00702972019727
1.6e-07 0.00702660049483 0.00702660049483
1.7e-07 0.00702334550132 0.00702334550132
1.8e-07 0.00701995824298 0.00701995824298
1.9e-07 0.0070164428079 0.0070164428079
2e-07 0.00701280111424 0.00701280111424
2.1e-07 0.00700903614935 0.00700903614935
2.2e-07 0.00700514893635 0.00700514893635
2.3e-07 0.00700114156355 0.00700114156355
2.4e-07 0.00699701432313 0.00699701432313
2.5e-07 0.00699276856121 0.00699276856121
2.6e-07 0.00698840396739 0.00698840396739
2.7e-07 0.00698392126861 0.00698392126861
2.8e-07 0.00697931965219 0.00697931965219
2.9e-07 0.00697459932218 0.00697459932218
3e-07 0.00696975904293 0.00696975904293
3.1e-07 0.00696479857178 0.00696479857178
3.2e-07 0.00695971631152 0.00695971631152
3.3e-07 0.00695451163299 0.00695451163299
3.4e-07 0.00694918262602 0.00694918262602
3.5e-07 0.00694372832241 0.00694372832241
3.6e-07 0.00693814653712 0.00693814653712
3.7e-07 0.00693243599972 0.00693243599972
3.8e-07 0.00692659427936 0.00692659427936
3.9e-07 0.00692061983298 0.00692061983298
4e-07 0.00691451000643 0.00691451000643
4.1e-07 0.00690826300628 0.00690826300628
4.2e-07 0.00690187597211 0.00690187597211
4.3e-07 0.00689534687746 0.00689534687746
4.4e-07 0.00688867266786 0.00688867266786
4.5e-07 0.00688185109642 0.00688185109642
4.6e-07 0.00687487892393 0.00687487892393
4.7e-07 0.0068677536924 0.0068677536924
4.8e-07 0.00686047198346 0.00686047198346
4.9e-07 0.00685303113387 0.00685303113387
5e-07 0.00684542754937 0.00684542754937
5.1e-07 0.00683765836599 0.00683765836599
5.2e-07 0.00682971981449 0.00682971981449
5.3e-07 0.00682160883158 0.00682160883158
5.4e-07 0.0068133214729 0.0068133214729
5.5e-07 0.0068048544756 0.0068048544756
5.6e-07 0.00679620371788 0.00679620371788
5.7e-07 0.00678736573617 0.00678736573617
5.8e-07 0.00677833622775 0.00677833622775
5.9e-07 0.00676911152565 0.00676911152565
6e-07 0.00675968714158 0.00675968714158
6.1e-07 0.00675005920067 0.00675005920067
6.2e-07 0.00674022302442 0.00674022302442
6.3e-07 0.00673017452492 0.00673017452492
6.4e-07 0.00671990882663 0.00671990882663
6.5e-07 0.00670942162294 0.00670942162294
6.6e-07 0.00669870783415 0.00669870783415
6.7e-07 0.00668776292794 0.00668776292794
6.8e-07 0.00667658161245 0.00667658161245
6.9e-07 0.0066651591223 0.0066651591223
7e-07 0.00665348994462 0.00665348994462
7.1e-07 0.00664156907257 0.00664156907257
7.2e-07 0.00662939076311 0.00662939076311
7.3e-07 0.00661694975872 0.00661694975872
7.4e-07 0.00660424007596 0.00660424007596
7.5e-07 0.00659125619692 0.00659125619692
7.6e-07 0.00657799188727 0.00657799188727
7.7e-07 0.00656444135806 0.00656444135806
7.8e-07 0.00655059811243 0.00655059811243
7.9e-07 0.00653645607921 0.00653645607921
8e-07 0.00652200848733 0.00652200848733
8.1e-07 0.00650724897115 0.00650724897115
8.2e-07 0.00649217047251 0.00649217047251
8.3e-07 0.00647676631887 0.00647676631887
8.4e-07 0.00646102915118 0.00646102915118
8.5e-07 0.0064449519767 0.0064449519767
8.6e-07 0.00642852712148 0.00642852712148
8.7e-07 0.00641174725829 0.00641174725829
8.8e-07 0.00639460438298 0.00639460438298
8.9e-07 0.00637709081895 0.00637709081895
9e-07 0.00635919821617 0.00635919821617
9.1e-07 0.00634091853257 0.00634091853257
9.2e-07 0.00632224305576 0.00632224305576
9.3e-07 0.0063031633614 0.0063031633614
9.4e-07 0.00628367035699 0.00628367035699
9.5e-07 0.0062637552184 0.0062637552184
9.6e-07 0.0062434084547 0.0062434084547
9.7e-07 0.00622262082303 0.00622262082303
9.8e-07 0.00620138241461 0.00620138241461
9.9e-07 0.00617968354798 0.00617968354798
1e-06 0.00615751387576 0.00615751387576
1.01e-06 0.00613486325778 0.00613486325778
1.02e-06 0.00611172088605 0.00611172088605
1.03e-06 0.00608807613924 0.00608807613924
1.04e-06 0.00606391772634 0.00606391772634
1.05e-06 0.00603923452154 0.00603923452154
1.06e-06 0.00601401472652 0.00601401472652
1.07e-06 0.00598824668658 0.00598824668658
1.08e-06 0.00596191807046 0.00596191807046
1.09e-06 0.00593501666863 0.00593501666863
1.1e-06 0.00590752958991 0.00590752958991
1.11e-06 0.00587944404235 0.00587944404235
1.12e-06 0.0058507465464 0.0058507465464
1.13e-06 0.00582142369855 0.00582142369855
1.14e-06 0.00579146140075 0.00579146140075
1.15e-06 0.00576084560705 0.00576084560705
1.16e-06 0.00572956156879 0.00572956156879
1.17e-06 0.00569759456502 0.00569759456502
1.18e-06 0.0056649291626 0.0056649291626
1.19e-06 0.00563154993081 0.00563154993081
1.2e-06 0.00559744071592 0.00559744071592
1.21e-06 0.0055625853408 0.0055625853408
1.22e-06 0.00552696689307 0.00552696689307
1.23e-06 0.00549056840975 0.00549056840975
1.24e-06 0.00545337217913 0.00545337217913
1.25e-06 0.00541536041129 0.00541536041129
1.26e-06 0.00537651455176 0.00537651455176
1.27e-06 0.00533681593918 0.00533681593918
1.28e-06 0.00529624513059 0.00529624513059
1.29e-06 0.00525478254599 0.00525478254599
1.3e-06 0.00521240780506 0.00521240780506
1.31e-06 0.00516910035878 0.00516910035878
1.32e-06 0.00512483883736 0.00512483883736
1.33e-06 0.00507960166901 0.00507960166901
1.34e-06 0.00503336643851 0.00503336643851
1.35e-06 0.00498611049463 0.00498611049463
1.36e-06 0.00493781031694 0.00493781031694
1.37e-06 0.00488844211344 0.00488844211344
1.38e-06 0.0048379811951 0.0048379811951
1.39e-06 0.00478640256354 0.00478640256354
1.4e-06 0.00473368029315 0.00473368029315
1.41e-06 0.00467978810926 0.00467978810926
1.42e-06 0.00462469877696 0.00462469877696
1.43e-06 0.00456838467036 0.00456838467036
1.44e-06 0.0045108171672 0.0045108171672
1.45e-06 0.00445196721034 0.00445196721034
1.46e-06 0.00439180470679 0.00439180470679
1.47e-06 0.00433029908262 0.00433029908262
1.48e-06 0.00426741868488 0.00426741868488
1.49e-06 0.0042031313311 0.0042031313311
1.5e-06 0.00413740371356 0.00413740371356
1.51e-06 0.00407020194339 0.00407020194339
1.52e-06 0.00400149095671 0.00400149095671
1.53e-06 0.00393123505473 0.00393123505473
1.54e-06 0.00385939730988 0.00385939730988
1.55e-06 0.00378594010377 0.00378594010377
1.56e-06 0.00371082453233 0.00371082453233
1.57e-06 0.00363401094282 0.00363401094282
1.58e-06 0.00355545833728 0.00355545833728
1.59e-06 0.00347512491047 0.00347512491047
1.6e-06 0.00339296745108 0.00339296745108
1.61e-06 0.00330894188345 0.00330894188345
1.62e-06 0.00322300266595 0.00322300266595
1.63e-06 0.00313510334041 0.00313510334041
1.64e-06 0.00304519592901 0.00304519592901
1.65e-06 0.00295323149666 0.00295323149666
1.66e-06 0.00285915955019 0.00285915955019
1.67e-06 0.00276292862266 0.00276292862266
1.68e-06 0.00266448568294 0.00266448568294
1.69e-06 0.0025637767585 0.0025637767585
1.7e-06 0.00246074637353 0.00246074637353
1.71e-06 0.0023553382412 0.0023553382412
1.72e-06 0.00224749477153 0.00224749477153
1.73e-06 0.00213715789882 0.00213715789882
1.74e-06 0.00202426875324 0.00202426875324
1.75e-06 0.00190876877629 0.00190876877629
1.76e-06 0.00179059979201 0.00179059979201
1.77e-06 0.00166970580358 0.00166970580358
1.78e-06 0.00154603412163 0.00154603412163
1.79e-06 0.00141953900436 0.00141953900436
1.8e-06 0.00129018596795 0.00129018596795
1.81e-06 0.00115796138562 0.00115796138562
1.82e-06 0.00102288843514 0.00102288843514
1.83e-06 0.000885061426563 0.000885061426563
1.84e-06 0.000744719168518 0.000744719168518
1.85e-06 0.000602430214128 0.000602430214128
1.86e-06 0.000459632783763 0.000459632783763
1.87e-06 0.000320626387629 0.000320626387629
1.88e-06 0.000202280713658 0.000202280713658
1.89e-06 0.000170902628938 0.000170902628938
1.9e-06 0.000267397685123 0.000267397685123
1.91e-06 0.00041458075752 0.00041458075752
1.92e-06 0.000578514488619 0.000578514488619
1.93e-06 0.000751355462831 0.000751355462831
1.94e-06 0.000930794228868 0.000930794228868
1.95e-06 0.00111600400974 0.00111600400974
1.96e-06 0.00130667634113 0.00130667634113
1.97e-06 0.00150272137636 0.00150272137636
1.98e-06 0.00170415721572 0.00170415721572
1.99e-06 0.00191106088848 0.00191106088848
2e-06 0.00212354678746 0.00212354678746
2.01e-06 0.00234175391738 0.00234175391738
2.02e-06 0.00256584091908 0.00256584091908
2.03e-06 0.00279598140019 0.00279598140019
2.04e-06 0.0030323633806 0.0030323633806
2.05e-06 0.00327518698173 0.00327518698173
2.06e-06 0.00352466542969 0.00352466542969
2.07e-06 0.00378102357319 0.00378102357319
2.08e-06 0.00404449961026 0.00404449961026
2.09e-06 0.00431534394323 0.00431534394323
2.1e-06 0.00459382135645 0.00459382135645
2.11e-06 0.00488021003174 0.00488021003174
2.12e-06 0.00517480409063 0.00517480409063
2.13e-06 0.00547791270655 0.00547791270655
2.14e-06 0.00578986299899 0.00578986299899
2.15e-06 0.00611099922543 0.00611099922543
2.16e-06 0.00644168605091 0.00644168605091
2.17e-06 0.00678230782692 0.00678230782692
2.18e-06 0.00713327228221 0.00713327228221
2.19e-06 0.007495009913 0.007495009913
2.2e-06 0.00786797815924 0.00786797815924
2.21e-06 0.00825266094536 0.00825266094536
2.22e-06 0.00864957342604 0.00864957342604
2.23e-06 0.00905926173339 0.00905926173339
2.24e-06 0.00948230839903 0.00948230839903
2.25e-06 0.00991933238407 0.00991933238407
2.26e-06 0.0103709953135 0.0103709953135
2.27e-06 0.0108380018918 0.0108380018918
2.28e-06 0.011321107123 0.011321107123
2.29e-06 0.0118211172509 0.0118211172509
2.3e-06 0.0123388981872 0.0123388981872
2.31e-06 0.012875377164 0.012875377164
2.32e-06 0.0134315526595 0.0134315526595
2.33e-06 0.0140084970171 0.0140084970171
2.34e-06 0.0146073682489 0.0146073682489
2.35e-06 0.0152294139697 0.0152294139697
2.36e-06 0.0158759855823 0.0158759855823
2.37e-06 0.0165485440084 0.0165485440084
2.38e-06 0.0172486769348 0.0172486769348
2.39e-06 0.0179781070123 0.0179781070123
2.4e-06 0.0187387130887 0.0187387130887
2.41e-06 0.0195325418237 0.0195325418237
2.42e-06 0.0203618341921 0.0203618341921
2.43e-06 0.0212290418671 0.0212290418671
2.44e-06 0.0221368608018 0.0221368608018
2.45e-06 0.0230882543412 0.0230882543412
2.46e-06 0.0240864964706 0.0240864964706
2.47e-06 0.0251352045437 0.0251352045437
2.48e-06 0.0262383959775 0.0262383959775
2.49e-06 0.0274005349224 0.0274005349224
2.5e-06 0.0286266080374 0.0286266080374
2.51e-06 0.0299221917099 0.0299221917099
2.52e-06 0.0312935555051 0.0312935555051
2.53e-06 0.0327477602523 0.0327477602523
2.54e-06 0.0342928026029 0.0342928026029
2.55e-06 0.0359377604911 0.0359377604911
2.56e-06 0.0376930003953 0.0376930003953
2.57e-06 0.039570397316 0.039570397316
2.58e-06 0.0415836405348 0.0415836405348
2.59e-06 0.0437485741369 0.0437485741369
2.6e-06 0.0460836626654 0.0460836626654
2.61e-06 0.0486105330083 0.0486105330083
2.62e-06 0.05135470939 0.05135470939
2.63e-06 0.0543465042496 0.0543465042496
2.64e-06 0.0576222262744 0.0576222262744
2.65e-06 0.0612257023261 0.0612257023261
2.66e-06 0.0652103566822 0.0652103566822
2.67e-06 0.0696419312599 0.0696419312599
2.68e-06 0.0746022588518 0.0746022588518
2.69e-06 0.0801943917041 0.0801943917041
2.7e-06 0.0865498816262 0.0865498816262
2.71e-06 0.0938390836565 0.0938390836565
2.72e-06 0.102286259925 0.102286259925
2.73e-06 0.112191975922 0.112191975922
2.74e-06 0.123967508609 0.123967508609
2.75e-06 0.13818941019 0.13818941019
2.76e-06 0.155691356905 0.155691356905
2.77e-06 0.177733850135 0.177733850135
2.78e-06 0.206375464341 0.206375464341
2.79e-06 0.245553631145 0.245553631145
2.8e-06 0.306318878245 0.306318878245
2.81e-06 0.642984630287 0.642984630287
2.82e-06 1.10515971097 1.10515971097
2.83e-06 22.7112486598 22.7112486598
2.84e-06 56.6638667062 56.6638667062
2.85e-06 1441.38732497 1441.38732497
2.86e-06 4336043770.4 4336043770.4
2.87e-06 5.78005406117e+13 5.78005406117e+13
2.88e-06 1.4169682964e+21 1.4169682964e+21
2.89e-06 3.30199480241e+32 3.30199480241e+32
2.9e-06 1.25534766707e+51 1.25534766707e+51
2.91e-06 7.95336127865e+80 7.95336127865e+80
2.92e-06 4.24731576669e+126 4.24731576669e+126
2.93e-06 nan nan
2.94e-06 nan nan
2.95e-06 nan nan
2.96e-06 nan nan
2.97e-06 nan nan
2.98e-06 nan nan
2.99e-06 nan nan
3e-06 nan nan
3.01e-06 nan nan
3.02e-06 nan nan
3.03e-06 nan nan
3.04e-06 nan nan
3.05e-06 nan nan
3.06e-06 nan nan
3.07e-06 nan nan
3.08e-06 nan nan
3.09e-06 nan nan
3.1e-06 nan nan
3.11e-06 nan nan
3.12e-06 nan nan
3.13e-06 nan nan
3.14e-06 nan nan
3.15e-06 nan nan
