1e-12 0.00124886032716
2e-12 0.00125111833139
3e-12 0.00125315900833
4e-12 0.00125543024324
5e-12 0.00125748294127
6e-12 0.00125954150639
7e-12 0.0012618291423
8e-12 0.00126389868593
9e-12 0.00126619646859
1e-11 0.0012682766295
1.1e-11 0.00127058427823
1.2e-11 0.00127267482243
1.3e-11 0.00127477067026
1.4e-11 0.00127709286774
1.5e-11 0.00127919885963
1.6e-11 0.00128153050571
1.7e-11 0.00128364653222
1.8e-11 0.00128598751055
1.9e-11 0.00128811348086
2e-11 0.00129024458909
2.1e-11 0.00129259956981
2.2e-11 0.00129474052245
2.3e-11 0.00129710465629
2.4e-11 0.00129925540326
2.5e-11 0.0013014112279
2.6e-11 0.00130378915754
2.7e-11 0.00130595471833
2.8e-11 0.00130834169096
2.9e-11 0.00131051695839
3e-11 0.00131291295547
3.1e-11 0.00131509790953
3.2e-11 0.00131728788986
3.3e-11 0.0013196975029
3.4e-11 0.00132189714139
3.5e-11 0.0013243157217
3.6e-11 0.00132652500765
3.7e-11 0.00132895252571
3.8e-11 0.00133117144591
3.9e-11 0.00133339538552
4e-11 0.0013358364539
4.1e-11 0.00133807001835
4.2e-11 0.00134051999708
4.3e-11 0.00134276318377
4.4e-11 0.00134501138949
4.5e-11 0.0013474748926
4.6e-11 0.0013497327205
4.7e-11 0.00135220512146
4.8e-11 0.00135447257417
4.9e-11 0.00135695388501
5e-11 0.00135923097073
5.1e-11 0.00136151307676
5.2e-11 0.00136400789153
5.3e-11 0.00136629963803
5.4e-11 0.00136880336588
5.5e-11 0.00137110476301
5.6e-11 0.00137341119345
5.7e-11 0.00137592843968
5.8e-11 0.00137824453301
5.9e-11 0.00138077070392
6e-11 0.00138309647335
6.1e-11 0.00138563156139
6.2e-11 0.00138796701501
